0
0
0
0
0
0
0
0
0
0
-0.504373
-0.669649
-0.890518
-1.0173
-1.13159
-1.21063
-1.274
-1.32058
-1.3565
-1.3834
-1.40385
-1.41924
-1.43085
-1.43958
-1.44614
-1.45106
-1.45473
-1.45748
-1.45952
-1.46104
-1.46216
-1.46299
-1.4636
-1.46405
-1.46437
-1.46461
-1.46478
-1.4649
-1.46499
-1.46506
-1.4651
-1.46514
-1.46516
-1.46518
-1.4652
-1.46521
-1.46522
-1.46523
-1.46525
-1.46526
-1.46525
-1.46524
-1.46522
-1.4652
-1.46519
-1.46517
-1.46516
-1.46515
-1.46515
-1.46515
-1.46493
-1.4649
-1.46485
-1.46464
-1.46461
-1.46437
-1.46415
-1.46389
-1.46365
-1.46354
-1.46347
-1.46345
-1.46346
-1.46349
-1.46353
-1.46335
-1.46326
-1.46314
-1.46304
-1.46295
-1.46301
-1.46308
-1.46297
-1.46294
-1.46285
-1.46287
-1.46299
-1.46302
-1.46318
-1.46344
-1.46399
-1.46463
-1.46557
-1.46678
-1.4681
-1.46946
-1.47103
-1.47264
-1.4744
-1.47635
-1.47844
-1.48083
-1.48322
-1.48594
-1.48875
-1.49166
-1.49484
-1.49798
-1.50114
-1.50416
-1.50734
-1.51085
-1.5147
-1.51878
-1.5232
-1.52793
-1.53296
-1.53836
-1.54402
-1.54957
-1.55525
-1.56083
-1.56639
-1.57165
-1.57683
-1.58164
-1.58615
-1.59067
-1.59506
-1.5994
-1.60371
-1.60819
-1.61295
-1.6175
-1.62208
-1.62643
-1.63068
-1.63452
-1.63793
-1.64109
-1.64411
-1.64698
-1.64973
-1.65259
-1.65521
-1.65754
-1.6594
-1.66068
-1.66146
-1.66147
-1.6613
-1.66097
-1.66071
-1.66049
-1.66045
-1.66072
-1.66102
-1.66161
-1.66279
-1.66447
-1.66637
-1.66797
-1.66926
-1.66949
-1.66892
-1.66801
-1.66669
-1.66479
-1.663
-1.66106
-1.65868
-1.65617
-1.65316
-1.65014
-1.64763
-1.64543
-1.64364
-1.64234
-1.64142
-1.64076
-1.64079
-1.6407
-1.64069
-1.64058
-1.64068
-1.64124
-1.64183
-1.64223
-1.64214
-1.64183
-1.6412
-1.64054
-1.63969
-1.63833
-1.63708
-1.63594
-1.63473
-1.63311
-1.63134
-1.62978
-1.62884
-1.62789
-1.62668
-1.62528
-1.62391
-1.62203
-1.62
-1.61809
-1.61644
-1.61481
-1.61305
-1.61127
-1.61
-1.60881
-1.60754
-1.60627
-1.60515
-1.60402
-1.60277
-1.60182
-1.60115
-1.60038
-1.59964
-1.59995
-1.60044
-1.60085
-1.60167
-1.60241
-1.6024
-1.6022
-1.60231
-1.60222
-1.60112
-1.60005
-1.59876
-1.59678
-1.59463
-1.59242
-1.58955
-1.5866
-1.58435
-1.58204
-1.58013
-1.57901
-1.57727
-1.57555
-1.57454
-1.57292
-1.57156
-1.57088
-1.56973
-1.56928
-1.56923
-1.56895
-1.56899
-1.56888
-1.56875
-1.56898
-1.56829
-1.56793
-1.56769
-1.56712
-1.56682
-1.56633
-1.56593
-1.56519
-1.56376
-1.56213
-1.55981
-1.55706
-1.55392
-1.55026
-1.54647
-1.54181
-1.53698
-1.53216
-1.52651
-1.52127
-1.51502
-1.50896
-1.50193
-1.49501
-1.48804
-1.48081
-1.47368
-1.4657
-1.45774
-1.44916
-1.44143
-1.43351
-1.4263
-1.41919
-1.41256
-1.40627
-1.39991
-1.39388
-1.38792
-1.38221
-1.37664
-1.37104
-1.36543
-1.36028
-1.35588
-1.35093
-1.34709
-1.34253
-1.33877
-1.3349
-1.33181
-1.32816
-1.32445
-1.31997
-1.31535
-1.31028
-1.30544
-1.30057
-1.29571
-1.29093
-1.28563
-1.28117
-1.27613
-1.27135
-1.26657
-1.26222
-1.25793
-1.2533
-1.24976
-1.24568
-1.24184
-1.23819
-1.23493
-1.23277
-1.23062
-1.22953
-1.22846
-1.22757
-1.22729
-1.22655
-1.22593
-1.22553
-1.22457
-1.22399
-1.22286
-1.22183
-1.22053
-1.21849
-1.2164
-1.21272
-1.20892
-1.20431
-1.19856
-1.19267
-1.18572
-1.17883
-1.17174
-1.16403
-1.15708
-1.15068
-1.14449
-1.13949
-1.13538
-1.13155
-1.12905
-1.12762
-1.12689
-1.12736
-1.12975
-1.13342
-1.13799
-1.14308
-1.14983
-1.15685
-1.1643
-1.17136
-1.17776
-1.18347
-1.18842
-1.19346
-1.19746
-1.2009
-1.20374
-1.20578
-1.2065
-1.20646
-1.20585
-1.20393
-1.20103
-1.19748
-1.19249
-1.18662
-1.18083
-1.17462
-1.16784
-1.16088
-1.15462
-1.14846
-1.14192
-1.13531
-1.12946
-1.12379
-1.11786
-1.11184
-1.10635
-1.10021
-1.09254
-1.08414
-1.0753
-1.06589
-1.05586
-1.04549
-1.03527
-1.02529
-1.01494
-1.0046
-0.994559
-0.98525
-0.976889
-0.968688
-0.961073
-0.954037
-0.948228
-0.943196
-0.938302
-0.933848
-0.929331
-0.925798
-0.922722
-0.920108
-0.917122
-0.914655
-0.912629
-0.911425
-0.910693
-0.910232
-0.91017
-0.909441
-0.90882
-0.908634
-0.908583
-0.908162
-0.907777
-0.907343
-0.906852
-0.905819
-0.90386
-0.900761
-0.897068
-0.892147
-0.886557
-0.879582
-0.871345
-0.86227
-0.852208
-0.841019
-0.828326
-0.814851
-0.801596
-0.789526
-0.778944
-0.769502
-0.761256
-0.753867
-0.747724
-0.742509
-0.738036
-0.734413
-0.731021
-0.728017
-0.725436
-0.722725
-0.720323
-0.717812
-0.715201
-0.71242
-0.709658
-0.70629
-0.702675
-0.698108
-0.69373
-0.688803
-0.683379
-0.677521
-0.670948
-0.663942
-0.657372
-0.650607
-0.644221
-0.637545
-0.631025
-0.624297
-0.617636
-0.611258
-0.604928
-0.599058
-0.592725
-0.58596
-0.579507
-0.573404
-0.567461
-0.561894
-0.556859
-0.551892
-0.546951
-0.542293
-0.537392
-0.532814
-0.528176
-0.524259
-0.520115
-0.515686
-0.510569
-0.505105
-0.498993
-0.492745
-0.486602
-0.480553
-0.474747
-0.468467
-0.461947
-0.454978
-0.44776
-0.440595
-0.432994
-0.42552
-0.416988
-0.408069
-0.398752
-0.389146
-0.379301
-0.369293
-0.359102
-0.348602
-0.338298
-0.328001
-0.317837
-0.307661
-0.29693
-0.286319
-0.27557
-0.266136
-0.257073
-0.248845
-0.240648
-0.233122
-0.226018
-0.219924
-0.214686
-0.210497
-0.207121
-0.204779
-0.202783
-0.201639
-0.201064
-0.200528
-0.200325
-0.200934
-0.201885
-0.202406
-0.20248
-0.202468
-0.202257
-0.200997
-0.198243
-0.193852
-0.18924
-0.18364
-0.177418
-0.170324
-0.162101
-0.153161
-0.14333
-0.132404
-0.120926
-0.108583
-0.0962132
-0.0841088
-0.0724723
-0.0606647
-0.049243
-0.038403
-0.0281133
-0.0184393
-0.00864632
0.000834966
0.0107734
0.0202508
0.0298521
0.039773
0.0499142
0.0600645
0.0697996
0.0797098
0.0895275
0.0991543
0.108183
0.116527
0.124425
0.131812
0.1385
0.144406
0.149693
0.154852
0.160051
0.164767
0.169278
0.173644
0.177779
0.181873
0.185916
0.190359
0.195592
0.20049
0.205443
0.210961
0.216211
0.221794
0.227756
0.234186
0.23959
0.244902
0.250313
0.255884
0.26081
0.265804
0.270783
0.27492
0.279068
0.283683
0.288115
0.292806
0.29802
0.303536
0.30882
0.314998
0.321991
0.329125
0.336727
0.345141
0.353815
0.363068
0.37296
0.38313
0.393296
0.404132
0.414365
0.423365
0.431689
0.438538
0.444165
0.449367
0.453916
0.45812
0.462924
0.468068
0.47295
0.478669
0.484481
0.490381
0.496687
0.502918
0.509382
0.516592
0.523434
0.53173
0.539974
0.549091
0.558488
0.567777
0.57757
0.586638
0.595971
0.604388
0.612249
0.620195
0.627239
0.634235
0.640409
0.645907
0.651775
0.6565
0.661422
0.66563
0.669616
0.673863
0.677629
0.682251
0.686734
0.692426
0.698688
0.705647
0.712524
0.720119
0.728041
0.736535
0.745012
0.75328
0.761803
0.769523
0.777913
0.785397
0.793017
0.799907
0.80684
0.812825
0.818469
0.823104
0.827648
0.831608
0.83553
0.838936
0.842336
0.845201
0.848015
0.850393
0.853078
0.856059
0.859794
0.863297
0.867399
0.871314
0.876029
0.88063
0.885856
0.891334
0.896958
0.903252
0.90929
0.915687
0.921702
0.927557
0.933463
0.939036
0.945021
0.950414
0.956055
0.961909
0.967621
0.973937
0.979718
0.985904
0.992684
0.999311
1.00664
1.01353
1.01977
1.02587
1.0313
1.03664
1.04143
1.04516
1.04844
1.05093
1.05306
1.05478
1.05569
1.05647
1.05688
1.0572
1.05785
1.05847
1.05873
1.05951
1.06037
1.0611
1.06242
1.06356
1.06443
1.06578
1.06749
1.06875
1.07042
1.07247
1.07428
1.0761
1.0781
1.07959
1.08064
1.08192
1.08292
1.08334
1.08407
1.08507
1.08576
1.08685
1.08838
1.08991
1.09075
1.09165
1.0931
1.09471
1.09593
1.09726
1.09905
1.10075
1.10168
1.10219
1.1026
1.10297
1.10305
1.1032
1.10399
1.10509
1.10577
1.10624
1.1069
1.10785
1.10855
1.10886
1.10893
1.10895
1.10865
1.10785
1.10683
1.106
1.10533
1.10482
1.10418
1.10343
1.10262
1.10202
1.10174
1.10151
1.10146
1.10166
1.10226
1.10285
1.10302
1.10271
1.10244
1.10235
1.10283
1.10384
1.10512
1.10672
1.10774
1.10866
1.10944
1.11061
1.11183
1.11334
1.11483
1.11592
1.11702
1.11818
1.11914
1.1202
1.12087
1.12099
1.12005
1.11883
1.11729
1.11587
1.11497
1.11463
1.11483
1.11551
1.11645
1.11752
1.11821
1.11891
1.1194
1.11991
1.12031
1.12097
1.1217
1.12263
1.12374
1.12527
1.12686
1.12853
1.13033
1.13205
1.13354
1.13496
1.13611
1.13705
1.1378
1.13836
1.1387
1.13859
1.13809
1.13706
1.1359
1.13474
1.13378
1.13318
1.13302
1.13319
1.13378
1.13493
1.13637
1.13809
1.14013
1.14234
1.14469
1.14692
1.14887
1.15075
1.1524
1.15417
1.15574
1.15714
1.15809
1.15874
1.15927
1.15972
1.16015
1.16051
1.16087
1.16131
1.16179
1.16211
1.16262
1.16292
1.16322
1.16344
1.16341
1.16331
1.16313
1.16293
1.16268
1.16255
1.16246
1.16254
1.16281
1.16338
1.16404
1.1649
1.16596
1.16709
1.16824
1.16943
1.17093
1.17236
1.17391
1.17552
1.1774
1.17915
1.18099
1.18279
1.18451
1.18623
1.18771
1.1893
1.19064
1.192
1.19309
1.19419
1.19506
1.19584
1.19657
1.19728
1.1978
1.19838
1.19895
1.19943
1.20019
1.20102
1.20201
1.20298
1.20397
1.20488
1.20559
1.20628
1.20672
1.20693
1.20688
1.20657
1.20601
1.20541
1.20478
1.20418
1.20369
1.20354
1.20351
1.20361
1.20377
1.20419
1.2043
1.20463
1.20476
1.20476
1.20454
1.20425
1.20377
1.20326
1.20271
1.20225
1.20184
1.2016
1.20159
1.20186
1.20237
1.20311
1.20397
1.20486
1.20596
1.20703
1.20808
1.20907
1.21014
1.21114
1.21213
1.21267
1.21308
1.2138
1.21441
1.21503
1.21558
1.21627
1.21693
1.21759
1.21819
1.21873
1.21924
1.21969
1.22009
1.22044
1.22073
1.22098
1.22119
1.22139
1.22156
1.22174
1.22196
1.22231
1.22279
1.22338
1.22403
1.2247
1.22537
1.22602
1.22661
1.22715
1.22762
1.22804
1.2284
1.2287
1.22896
1.22918
1.22935
1.2295
1.22962
1.22971
1.22978
1.22983
1.22985
1.22984
1.22982
1.22978
1.22974
1.2297
1.22965
1.22961
1.22956
1.22951
1.22947
1.22942
1.22938
1.22934
1.2293
1.22926
1.22922
1.22918
1.22914
1.2291
1.22907
1.22903
1.2291
1.22919
1.22931
1.22942
1.22954
1.22964
1.22974
1.22982
1.22993
1.23003
1.23013
1.23022
1.23029
1.23036
1.23045
1.23052
1.2306
1.23067
1.23073
1.23077
1.23082
1.23085
1.23087
1.23089
1.2309
1.23101
1.23114
1.23128
1.23143
1.23157
1.23169
1.23181
1.23188
1.23193
1.23196
1.23198
1.23199
1.23199
1.23199
1.23198
1.23197
1.23195
1.23204
1.23216
1.2323
1.23244
1.23258
1.23271
1.23282
1.23293
1.233
1.23375
1.23448
1.23546
1.23653
1.23762
1.23867
1.23966
1.24056
1.24137
1.24208
1.24271
1.24325
1.24372
1.24412
1.24445
1.24473
1.24497
1.24517
1.24533
1.24546
1.24557
1.24566
1.24573
1.24591
1.24693
1.24776
1.24855
1.24924
1.25004
1.25078
1.25131
1.25194
1.25249
1.25301
1.25348
1.2539
1.25426
1.25458
1.25485
1.25512
1.25599
1.2564
1.25683
1.25712
1.25735
1.25752
1.25765
1.25774
1.25781
1.25786
1.25789
1.25791
1.25858
1.25986
1.26077
1.2618
1.26236
1.26291
1.26317
1.26336
1.26333
1.26323
1.26305
1.26304
1.26383
1.26439
1.26488
1.26523
1.2653
1.26496
1.26425
1.26318
1.2619
1.26095
1.26078
1.26056
1.26027
1.2598
1.25898
1.25807
1.2569
1.25552
1.25427
1.25408
1.25379
1.25362
1.25346
1.25327
1.25298
1.25257
1.25261
1.25352
1.25429
1.25502
1.25526
1.25516
1.25464
1.25424
1.2544
1.25419
1.25364
1.25256
1.25091
1.24888
1.2469
1.24556
1.24404
1.24232
1.2401
1.23755
1.23535
1.2341
1.23293
1.23181
1.23059
1.22956
1.22877
1.22865
1.22865
1.22848
1.22822
1.2275
1.22734
1.22803
1.22852
1.22879
1.22858
1.22818
1.22817
1.22773
1.22708
1.22636
1.2258
1.22577
1.22557
1.22554
1.22513
1.22512
1.22598
1.22674
1.22739
1.22738
1.22772
1.22841
1.22893
1.22907
1.22879
1.22907
1.2304
1.23186
1.23345
1.23501
1.23728
1.23931
1.24123
1.24298
1.24511
1.24652
1.24766
1.24874
1.25023
1.25094
1.25131
1.25167
1.2526
1.25326
1.2537
1.25429
1.25578
1.25698
1.25836
1.25961
1.26156
1.26246
1.26301
1.26293
1.26278
1.26166
1.2599
1.25803
1.25652
1.25457
1.25239
1.25038
1.2489
1.2469
1.24504
1.24335
1.24135
1.23987
1.23878
1.23781
1.23705
1.23715
1.23733
1.23765
1.23851
1.23879
1.23916
1.23894
1.23786
1.23674
1.23566
1.23407
1.23267
1.23181
1.23077
1.23
1.22988
1.22963
1.22937
1.22949
1.22933
1.22948
1.22979
1.22967
1.22987
1.23041
1.23042
1.23034
1.23018
1.22934
1.22875
1.22865
1.22829
1.22873
1.22977
1.23056
1.23189
1.23337
1.23472
1.23606
1.23771
1.2388
1.24058
1.24286
1.2449
1.24728
1.25002
1.25224
1.25434
1.25639
1.25755
1.25858
1.25957
1.25985
1.26029
1.26059
1.26004
1.2592
1.25829
1.2566
1.25495
1.25385
1.25263
1.2518
1.25154
1.251
1.25019
1.24959
1.24829
1.24743
1.24714
1.24757
1.24827
1.2493
1.25066
1.25187
1.25291
1.2541
1.25518
1.2564
1.25767
1.25875
1.25987
1.26055
1.26131
1.26201
1.26275
1.2639
1.26529
1.26628
1.26707
1.26721
1.26704
1.26647
1.26575
1.26499
1.26422
1.26347
1.26262
1.2616
1.26099
1.26067
1.26064
1.26119
1.26155
1.26179
1.26186
1.26138
1.26088
1.26018
1.25992
1.25963
1.25962
1.25938
1.25899
1.25798
1.25698
1.25615
1.25561
1.25496
1.25464
1.25415
1.25398
1.2538
1.25414
1.25476
1.25587
1.2569
1.25779
1.25831
1.25886
1.25924
1.2597
1.26004
1.26033
1.26026
1.2605
1.26035
1.26032
1.26017
1.26038
1.2604
1.26042
1.26033
1.26033
1.26008
1.25975
1.2591
1.25828
1.25703
1.2559
1.2545
1.25321
1.25167
1.25028
1.2489
1.24833
1.24773
1.24789
1.24774
1.24808
1.2478
1.24807
1.24808
1.24911
1.2503
1.25223
1.25379
1.25577
1.25733
1.25951
1.26163
1.26388
1.26588
1.26806
1.2696
1.27133
1.27279
1.27478
1.27602
1.2773
1.27778
1.27859
1.27912
1.28043
1.28159
1.28301
1.28401
1.28496
1.28548
1.2863
1.28697
1.28757
1.28737
1.28712
1.28653
1.28616
1.28582
1.286
1.28519
1.28425
1.28298
1.28206
1.28163
1.28197
1.28265
1.28384
1.28474
1.28603
1.28711
1.28834
1.28904
1.28993
1.28977
1.28965
1.28908
1.28858
1.28765
1.28692
1.28575
1.28516
1.28443
1.2846
1.28466
1.28551
1.28598
1.28685
1.28761
1.28892
1.29043
1.29204
1.2931
1.29391
1.29436
1.29481
1.29519
1.29585
1.29582
1.29587
1.29521
1.29462
1.29363
1.29289
1.29161
1.29078
1.28988
1.28955
1.2892
1.28905
1.28856
1.28798
1.2869
1.286
1.28507
1.28447
1.28339
1.28247
1.28129
1.28052
1.2797
1.27887
1.27734
1.27569
1.2735
1.27179
1.26998
1.26856
1.26652
1.2646
1.26245
1.26082
1.25905
1.25745
1.25559
1.25424
1.2533
1.25302
1.25281
1.25267
1.25235
1.25199
1.25144
1.25089
1.25042
1.24997
1.24945
1.24881
1.24818
1.24744
1.24657
1.24495
1.24321
1.24152
1.24036
1.23945
1.23914
1.23894
1.23878
1.23825
1.23772
1.23676
1.2356
1.2343
1.23304
1.23189
1.23121
1.23044
1.2295
1.22801
1.22652
1.22492
1.22409
1.22336
1.22316
1.22283
1.22305
1.22367
1.22488
1.22607
1.22709
1.22742
1.2274
1.22717
1.22743
1.22768
1.22785
1.22715
1.2261
1.22452
1.22298
1.22156
1.22037
1.21932
1.21883
1.21894
1.21952
1.22058
1.2219
1.22317
1.22388
1.22468
1.2254
1.22651
1.22766
1.22869
1.22936
1.22982
1.2301
1.23042
1.23062
1.23069
1.23042
1.23027
1.23025
1.2306
1.23109
1.23151
1.23135
1.2309
1.23041
1.2302
1.23027
1.23069
1.23103
1.23147
1.23164
1.23191
1.23204
1.23232
1.23229
1.23236
1.23242
1.23264
1.23324
1.23397
1.23443
1.2345
1.23406
1.2334
1.23277
1.23259
1.23245
1.23266
1.23276
1.23336
1.23395
1.23487
1.23531
1.23627
1.23674
1.23784
1.23893
1.24062
1.24224
1.24432
1.24574
1.24713
1.24786
1.24873
1.24933
1.25007
1.25052
1.25144
1.25203
1.25289
1.25317
1.25385
1.25402
1.25452
1.25457
1.25481
1.2549
1.25561
1.25663
1.25797
1.25915
1.26037
1.26082
1.2614
1.2611
1.26131
1.26119
1.26178
1.26189
1.26254
1.26289
1.26368
1.26446
1.26565
1.26665
1.26817
1.26932
1.27108
1.27267
1.27515
1.27741
1.28024
1.28285
1.28557
1.28768
1.28977
1.29097
1.29215
1.29273
1.29323
1.2933
1.29314
1.29225
1.29102
1.28895
1.28696
1.28449
1.2819
1.27862
1.27517
1.27162
1.26846
1.26562
1.26386
1.26289
1.2626
1.26274
1.2632
1.26368
1.26407
1.26412
1.26428
1.26423
1.26433
1.26415
1.264
1.26351
1.26312
1.26218
1.26153
1.26067
1.26019
1.25966
1.25943
1.25853
1.2579
1.2568
1.25604
1.25511
1.25477
1.25466
1.2551
1.25548
1.25656
1.25741
1.25854
1.25933
1.26029
1.26119
1.26247
1.26339
1.2644
1.26481
1.26487
1.26441
1.26422
1.26377
1.26399
1.26392
1.26406
1.26361
1.26312
1.26195
1.26061
1.259
1.25733
1.25575
1.25439
1.25291
1.25161
1.25021
1.24898
1.24771
1.24664
1.24567
1.24493
1.24462
1.24447
1.24436
1.24408
1.24325
1.24225
1.24181
1.24094
1.24053
1.24063
1.24065
1.24141
1.24281
1.24391
1.24487
1.24592
1.24593
1.24574
1.2457
1.24507
1.24462
1.24478
1.24486
1.24512
1.2456
1.2458
1.24601
1.2464
1.24604
1.2456
1.24554
1.24502
1.24478
1.24487
1.2446
1.24457
1.2446
1.24408
1.24345
1.24223
1.24043
1.23859
1.23708
1.23526
1.23372
1.23282
1.23204
1.23167
1.23197
1.23207
1.23223
1.2325
1.23254
1.23207
1.23191
1.23138
1.2309
1.23082
1.23033
1.23008
1.22995
1.22968
1.22966
1.22952
1.22931
1.22899
1.22866
1.22778
1.22635
1.22448
1.22225
1.21986
1.21738
1.21475
1.21206
1.20943
1.20656
1.20329
1.19961
1.19511
1.19059
1.18565
1.18066
1.17579
1.17109
1.16665
1.1624
1.15835
1.1546
1.15164
1.1489
1.14636
1.14399
1.14164
1.13959
1.13741
1.13547
1.13348
1.13127
1.12893
1.12645
1.12385
1.12131
1.11842
1.11551
1.11259
1.10962
1.10686
1.10384
1.10086
1.09785
1.09493
1.09195
1.08906
1.08593
1.08273
1.07972
1.07661
1.07343
1.06991
1.06633
1.06236
1.05826
1.05405
1.04954
1.04472
1.03973
1.03496
1.02979
1.02454
1.01912
1.01386
1.0087
1.00333
0.997968
0.992565
0.986796
0.980825
0.974375
0.967915
0.961316
0.954374
0.946916
0.939213
0.931435
0.923549
0.915313
0.907097
0.898629
0.890072
0.881492
0.872938
0.86445
0.855728
0.846885
0.837575
0.828274
0.819127
0.809985
0.800817
0.791085
0.781133
0.770845
0.760855
0.75081
0.74045
0.7298
0.71878
0.707742
0.696468
0.685015
0.673642
0.662199
0.650843
0.639643
0.628046
0.616153
0.604253
0.592413
0.580341
0.568126
0.555706
0.543045
0.530387
0.517599
0.504471
0.491235
0.477681
0.464231
0.450341
0.436226
0.421803
0.406912
0.391491
0.375471
0.358735
0.341415
0.323383
0.304936
0.285893
0.266484
0.246648
0.226261
0.205137
0.183785
0.161805
0.139706
0.116861
0.0933147
0.0693067
0.0451257
0.0205699
-0.00424229
-0.0296975
-0.0554291
-0.0818251
-0.108599
-0.13605
-0.163969
-0.192637
-0.221622
-0.251464
-0.282118
-0.313497
-0.345601
-0.378425
-0.411841
-0.446335
-0.481542
-0.517509
-0.554055
-0.591337
-0.629549
-0.668597
-0.708222
-0.748623
-0.789442
-0.830885
-0.872578
-0.915044
-0.958585
-1.00292
-1.04804
-1.09385
-1.14069
-1.18848
-1.23713
-1.28621
-1.33586
-1.38627
-1.43777
-1.48989
-1.54306
-1.59736
-1.65308
-1.70977
-1.76763
-1.82647
-1.88606
-1.94673
-2.00828
-2.07064
-2.13342
-2.19731
-2.26195
-2.3276
-2.39378
-2.45996
-2.52652
-2.59335
-2.66053
-2.72801
-2.79588
-2.86429
-2.93331
-3.00257
-3.07212
-3.14208
-3.21258
-3.28363
-3.35537
-3.42852
-3.50286
-3.57792
-3.65437
-3.73197
-3.81089
-3.89055
-3.97079
-4.05179
-4.13331
-4.21583
-4.29905
-4.38344
-4.46882
-4.5552
-4.64256
-4.73099
-4.82014
-4.91056
-5.00191
-5.0944
-5.18786
-5.28216
-5.37721
-5.47343
-5.57033
-5.66867
-5.76806
-5.86847
-5.97007
-6.07256
-6.17666
-6.28273
-6.3901
-6.49856
-6.60758
-6.71766
-6.82872
-6.94056
-7.05354
-7.16709
-7.28198
-7.39756
-7.51426
-7.6327
-7.75231
-7.87365
-7.99577
-8.1191
-8.24389
-8.36957
-8.49678
-8.62573
-8.75503
-8.88551
-9.0171
-9.1499
-9.28357
-9.41863
-9.55493
-9.69179
-9.82972
-9.96878
-10.108
-10.248
-10.3884
-10.5285
-10.6694
-10.8098
-10.9508
-11.0925
-11.2343
-11.3766
-11.5188
-11.6618
-11.8053
-11.9492
-12.0941
-12.2391
-12.3845
-12.5303
-12.6769
-12.8231
-12.9701
-13.1162
-13.2631
-13.4096
-13.5568
-13.7037
-13.8505
-13.9968
-14.1432
-14.2892
-14.4351
-14.5804
-14.7259
-14.8713
-15.0175
-15.1636
-15.3113
-15.4593
-15.6088
-15.7587
-15.9093
-16.0608
-16.2126
-16.3654
-16.5184
-16.6718
-16.8254
-16.9783
-17.1316
-17.2848
-17.4371
-17.5895
-17.7411
-17.8921
-18.043
-18.194
-18.3445
-18.4952
-18.6456
-18.7964
-18.9474
-19.0984
-19.2489
-19.3994
-19.5497
-19.7004
-19.8515
-20.0028
-20.154
-20.3053
-20.4566
-20.6075
-20.7586
-20.909
-21.0588
-21.2081
-21.3567
-21.5042
-21.6512
-21.7966
-21.94
-22.0824
-22.2238
-22.3638
-22.503
-22.6421
-22.7803
-22.918
-23.0552
-23.1917
-23.3271
-23.4616
-23.5957
-23.7291
-23.8619
-23.9943
-24.1258
-24.2567
-24.3873
-24.5162
-24.6433
-24.7687
-24.8931
-25.0161
-25.1378
-25.2588
-25.3796
-25.4986
-25.6171
-25.7347
-25.8511
-25.9668
-26.0821
-26.1968
-26.3108
-26.4245
-26.5373
-26.6492
-26.7611
-26.8724
-26.9841
-27.0954
-27.2064
-27.3175
-27.4282
-27.5383
-27.6477
-27.7563
-27.8644
-27.9721
-28.0795
-28.1874
-28.2942
-28.4004
-28.5062
-28.6109
-28.7148
-28.8168
-28.9171
-29.0162
-29.1138
-29.211
-29.3062
-29.4
-29.4922
-29.5838
-29.6739
-29.7626
-29.8503
-29.9361
-30.021
-30.1045
-30.1871
-30.2682
-30.349
-30.4286
-30.5076
-30.5859
-30.6636
-30.7385
-30.8135
-30.8876
-30.9614
-31.0342
-31.1062
-31.1763
-31.2451
-31.3126
-31.3796
-31.4453
-31.5096
-31.5732
-31.6354
-31.6972
-31.7579
-31.8182
-31.8774
-31.9364
-31.9951
-32.0528
-32.1105
-32.1675
-32.2239
-32.28
-32.3355
-32.3907
-32.4455
-32.4995
-32.5532
-32.6067
-32.6592
-32.7111
-32.7626
-32.8137
-32.8648
-32.9154
-32.9651
-33.0141
-33.063
-33.1111
-33.1584
-33.2052
-33.2509
-33.2962
-33.3409
-33.3854
-33.429
-33.4725
-33.5156
-33.5582
-33.5998
-33.6411
-33.682
-33.7224
-33.7629
-33.804
-33.8449
-33.8855
-33.9253
-33.9647
-34.0042
-34.0436
-34.0829
-34.1223
-34.1612
-34.1998
-34.2383
-34.2763
-34.3142
-34.3517
-34.3889
-34.4256
-34.4616
-34.497
-34.5321
-34.5673
-34.6024
-34.6366
-34.6704
-34.7035
-34.7363
-34.7687
-34.8009
-34.8333
-34.8651
-34.8968
-34.9282
-34.9595
-34.9904
-35.0209
-35.0512
-35.0812
-35.1106
-35.1398
-35.1688
-35.1974
-35.2261
-35.2547
-35.2833
-35.3115
-35.3394
-35.3666
-35.3931
-35.4185
-35.4433
-35.4675
-35.4915
-35.5153
-35.5389
-35.5627
-35.5864
-35.6105
-35.6346
-35.6591
-35.6839
-35.709
-35.7343
-35.7594
-35.7843
-35.809
-35.8337
-35.8578
-35.8817
-35.905
-35.9277
-35.95
-35.9719
-35.9934
-36.0143
-36.0348
-36.0546
-36.0739
-36.0929
-36.1113
-36.1292
-36.1466
-36.1633
-36.1797
-36.196
-36.2118
-36.2278
-36.2435
-36.259
-36.2748
-36.2909
-36.307
-36.3232
-36.3395
-36.3557
-36.3718
-36.3877
-36.4036
-36.4192
-36.4347
-36.4499
-36.4647
-36.4793
-36.494
-36.5088
-36.5236
-36.5384
-36.5535
-36.5689
-36.5839
-36.5981
-36.6114
-36.6238
-36.6359
-36.6478
-36.6589
-36.6696
-36.68
-36.6904
-36.6998
-36.7084
-36.7168
-36.7249
-36.7325
-36.74
-36.7475
-36.7548
-36.7621
-36.7697
-36.7774
-36.7852
-36.793
-36.8006
-36.8082
-36.8157
-36.8227
-36.8302
-36.8364
-36.8435
-36.8493
-36.8549
-36.8594
-36.864
-36.867
-36.8697
-36.8711
-36.8716
-36.8714
-36.8711
-36.8699
-36.8692
-36.8682
-36.8671
-36.8662
-36.8646
-36.864
-36.8631
-36.8636
-36.8633
-36.863
-36.8624
-36.8616
-36.8609
-36.8599
-36.8598
-36.8594
-36.8588
-36.8577
-36.8571
-36.8554
-36.8529
-36.8497
-36.8461
-36.8424
-36.8377
-36.8332
-36.8278
-36.8225
-36.8164
-36.8106
-36.8045
-36.7987
-36.7933
-36.7877
-36.7821
-36.7763
-36.7704
-36.7646
-36.7589
-36.7531
-36.7476
-36.7422
-36.7371
-36.7325
-36.7278
-36.7235
-36.7185
-36.7141
-36.7091
-36.7044
-36.6989
-36.6936
-36.6876
-36.6814
-36.6745
-36.6674
-36.6603
-36.6525
-36.6441
-36.635
-36.626
-36.6168
-36.6073
-36.5973
-36.5876
-36.5779
-36.5684
-36.5585
-36.549
-36.5391
-36.5288
-36.5184
-36.5077
-36.4973
-36.4872
-36.4773
-36.4667
-36.4564
-36.4459
-36.4348
-36.4235
-36.4112
-36.3987
-36.3847
-36.3706
-36.3553
-36.3396
-36.323
-36.3061
-36.2894
-36.2721
-36.2554
-36.2391
-36.2232
-36.2071
-36.1908
-36.1752
-36.1593
-36.1448
-36.1298
-36.115
-36.1003
-36.0856
-36.0705
-36.055
-36.0399
-36.025
-36.0101
-35.995
-35.9795
-35.9646
-35.9494
-35.9351
-35.9214
-35.9078
-35.8949
-35.8815
-35.8686
-35.856
-35.8428
-35.8304
-35.8177
-35.8062
-35.794
-35.7821
-35.7688
-35.7545
-35.7397
-35.7248
-35.7101
-35.6946
-35.6787
-35.6615
-35.6439
-35.6266
-35.6104
-35.5946
-35.579
-35.5636
-35.5481
-35.5338
-35.5195
-35.5066
-35.4939
-35.4822
-35.471
-35.4608
-35.4511
-35.4423
-35.434
-35.4263
-35.4186
-35.4117
-35.4047
-35.3978
-35.3905
-35.3832
-35.3754
-35.3667
-35.3583
-35.3495
-35.3411
-35.3323
-35.324
-35.3147
-35.306
-35.2967
-35.2885
-35.2809
-35.2735
-35.2666
-35.2592
-35.2522
-35.2447
-35.2385
-35.2322
-35.2266
-35.2214
-35.2161
-35.2109
-35.2055
-35.2001
-35.1942
-35.1877
-35.1803
-35.1734
-35.1662
-35.1594
-35.152
-35.1447
-35.1364
-35.1274
-35.1179
-35.1083
-35.0979
-35.0869
-35.075
-35.0639
-35.0531
-35.043
-35.0333
-35.0238
-35.0151
-35.0062
-34.9979
-34.9895
-34.9815
-34.9736
-34.9663
-34.9586
-34.9515
-34.9442
-34.938
-34.9317
-34.9262
-34.9207
-34.9164
-34.9124
-34.9087
-34.9045
-34.9008
-34.8967
-34.8932
-34.8892
-34.8851
-34.8801
-34.8752
-34.8697
-34.8644
-34.8585
-34.8527
-34.8462
-34.8399
-34.8329
-34.8265
-34.82
-34.8139
-34.8078
-34.802
-34.7963
-34.7909
-34.7857
-34.7815
-34.7773
-34.7743
-34.771
-34.7685
-34.7658
-34.7636
-34.7613
-34.7596
-34.7578
-34.7567
-34.755
-34.7534
-34.7515
-34.7494
-34.747
-34.7442
-34.7418
-34.7387
-34.7358
-34.7319
-34.7279
-34.7237
-34.7188
-34.7138
-34.7086
-34.7037
-34.6989
-34.694
-34.689
-34.684
-34.6794
-34.6748
-34.6709
-34.6668
-34.6628
-34.6591
-34.6556
-34.6525
-34.6498
-34.6477
-34.6452
-34.6437
-34.6423
-34.6419
-34.6415
-34.642
-34.6431
-34.6444
-34.6462
-34.648
-34.6501
-34.6521
-34.6543
-34.656
-34.6578
-34.6594
-34.6607
-34.6621
-34.6632
-34.6642
-34.6642
-34.6647
-34.6651
-34.6655
-34.6661
-34.6664
-34.6669
-34.667
-34.6663
-34.6657
-34.6646
-34.6636
-34.6625
-34.6611
-34.6598
-34.6577
-34.6562
-34.6544
-34.6525
-34.6507
-34.6485
-34.6468
-34.645
-34.6428
-34.6412
-34.6395
-34.638
-34.6362
-34.6343
-34.6328
-34.6309
-34.6298
-34.6286
-34.6274
-34.6267
-34.6258
-34.6255
-34.6251
-34.6246
-34.6242
-34.6234
-34.6226
-34.6217
-34.6204
-34.6188
-34.6174
-34.6158
-34.6146
-34.613
-34.6112
-34.6096
-34.6076
-34.6053
-34.6034
-34.6014
-34.5994
-34.5975
-34.5952
-34.5925
-34.5903
-34.5881
-34.5859
-34.584
-34.5819
-34.5801
-34.5789
-34.5777
-34.5768
-34.5763
-34.5758
-34.5758
-34.5758
-34.5758
-34.5761
-34.5762
-34.5762
-34.5761
-34.5757
-34.5754
-34.5754
-34.5753
-34.5748
-34.5747
-34.5749
-34.5751
-34.5758
-34.5762
-34.5762
-34.5766
-34.5771
-34.5773
-34.5778
-34.5782
-34.5785
-34.5788
-34.5793
-34.5798
-34.5801
-34.5805
-34.5812
-34.5817
-34.5827
-34.5837
-34.5847
-34.5858
-34.5871
-34.5878
-34.5885
-34.5891
-34.5895
-34.5896
-34.5903
-34.5911
-34.5915
-34.5919
-34.5923
-34.5929
-34.5932
-34.5934
-34.594
-34.5943
-34.5951
-34.5963
-34.5984
-34.6009
-34.604
-34.6069
-34.6096
-34.6121
-34.6151
-34.6178
-34.6202
-34.6223
-34.6244
-34.6263
-34.6281
-34.63
-34.6324
-34.6347
-34.6363
-34.6377
-34.6391
-34.6402
-34.6412
-34.6425
-34.6439
-34.645
-34.6457
-34.6462
-34.6469
-34.6477
-34.6483
-34.6485
-34.6483
-34.6481
-34.6476
-34.6473
-34.647
-34.6466
-34.6458
-34.6446
-34.6435
-34.6422
-34.6411
-34.6395
-34.6378
-34.6355
-34.6328
-34.63
-34.6274
-34.6251
-34.6234
-34.6218
-34.6197
-34.6173
-34.6147
-34.6123
-34.6096
-34.6069
-34.6039
-34.6006
-34.5972
-34.5933
-34.5896
-34.5855
-34.582
-34.5792
-34.5765
-34.5739
-34.5717
-34.5701
-34.5683
-34.5672
-34.5657
-34.5646
-34.563
-34.5616
-34.5604
-34.5593
-34.5585
-34.5579
-34.5573
-34.5575
-34.5577
-34.5582
-34.5582
-34.5586
-34.5588
-34.5595
-34.5601
-34.5608
-34.5612
-34.5618
-34.5616
-34.5617
-34.5608
-34.5598
-34.5581
-34.5569
-34.5553
-34.5545
-34.5534
-34.5528
-34.5513
-34.5504
-34.5493
-34.5492
-34.5487
-34.5489
-34.5484
-34.5481
-34.5475
-34.5474
-34.547
-34.5468
-34.5466
-34.5467
-34.5463
-34.5462
-34.5464
-34.5476
-34.5486
-34.5502
-34.5515
-34.5528
-34.5538
-34.5549
-34.5556
-34.5563
-34.5568
-34.5571
-34.5571
-34.5572
-34.557
-34.5572
-34.5569
-34.5569
-34.5563
-34.5557
-34.5545
-34.5536
-34.5528
-34.5528
-34.5528
-34.5534
-34.5539
-34.5545
-34.5546
-34.5546
-34.5544
-34.5541
-34.5534
-34.5531
-34.5526
-34.5523
-34.552
-34.5518
-34.551
-34.5504
-34.5497
-34.5492
-34.5488
-34.5487
-34.5486
-34.5488
-34.5491
-34.5494
-34.5494
-34.5499
-34.5503
-34.5509
-34.5516
-34.5525
-34.5533
-34.5542
-34.5551
-34.5558
-34.5559
-34.5556
-34.5553
-34.5547
-34.5539
-34.553
-34.5521
-34.5514
-34.5507
-34.5494
-34.548
-34.5466
-34.5448
-34.5432
-34.5415
-34.5397
-34.5379
-34.5364
-34.5344
-34.5326
-34.5311
-34.5293
-34.528
-34.5272
-34.5267
-34.5266
-34.5267
-34.5267
-34.5269
-34.5274
-34.5278
-34.5286
-34.5297
-34.5306
-34.5319
-34.5337
-34.5353
-34.537
-34.5388
-34.5399
-34.5409
-34.5418
-34.5421
-34.5426
-34.5429
-34.5427
-34.5423
-34.5419
-34.5411
-34.5406
-34.5402
-34.5398
-34.5389
-34.538
-34.5372
-34.5362
-34.535
-34.534
-34.5332
-34.5324
-34.5311
-34.5299
-34.5289
-34.5277
-34.5261
-34.5247
-34.5234
-34.5225
-34.5214
-34.5206
-34.52
-34.5193
-34.5184
-34.5178
-34.5176
-34.5178
-34.5182
-34.5186
-34.5191
-34.52
-34.5211
-34.5226
-34.5236
-34.5246
-34.5256
-34.5265
-34.5275
-34.5277
-34.5279
-34.5281
-34.5283
-34.5282
-34.5276
-34.5268
-34.5261
-34.5254
-34.525
-34.5244
-34.5234
-34.5224
-34.5216
-34.521
-34.5208
-34.5206
-34.5201
-34.5198
-34.5197
-34.52
-34.5205
-34.5212
-34.5217
-34.5216
-34.5215
-34.5214
-34.5214
-34.5216
-34.5219
-34.5224
-34.5229
-34.5229
-34.5229
-34.5228
-34.5228
-34.523
-34.5232
-34.5234
-34.5237
-34.5238
-34.5232
-34.5226
-34.522
-34.5216
-34.5213
-34.5212
-34.5212
-34.5213
-34.5215
-34.5217
-34.5219
-34.5215
-34.5212
-34.5209
-34.5208
-34.5208
-34.5211
-34.5213
-34.5217
-34.5221
-34.5224
-34.5228
-34.523
-34.5232
-34.523
-34.5222
-34.5213
-34.5205
-34.5198
-34.5194
-34.5192
-34.5192
-34.5192
-34.5193
-34.5196
-34.5198
-34.5201
-34.5203
-34.5205
-34.5207
-34.5208
-34.5209
-34.5209
-34.521
-34.5207
-34.52
-34.5192
-34.5184
-34.5177
-34.5172
-34.5168
-34.5165
-34.5164
-34.5164
-34.5164
-34.5165
-34.5165
-34.5165
-34.5166
-34.5166
-34.5166
-34.5167
-34.5167
-34.5167
-34.5167
-34.5167
-34.5166
-34.5166
-34.5166
-34.5166
-34.5166
-34.5166
-34.5166
-34.5164
-34.5162
-34.5159
-34.5156
-34.5153
-34.515
-34.5149
-34.5148
-34.5149
-34.5149
-34.515
-34.5151
-34.5152
-34.5153
-34.5154
-34.5155
-34.5156
-34.5157
-34.5158
-34.5158
-34.5159
-34.5159
-34.5159
-34.5158
-34.5158
-34.5157
-34.5156
-34.5156
-34.5155
-34.5154
-34.5153
-34.5152
-34.5151
-34.515
-34.5149
-34.5149
-34.5148
-34.5147
-34.5147
-34.5146
-34.5146
-34.5145
-34.5145
-34.5145
-34.5144
-34.5144
-34.5143
-34.5142
-34.5141
-34.5141
-34.514
-34.5139
-34.5139
-34.5138
-34.5138
-34.5138
-34.5137
-34.5137
-34.5137
-34.5137
-34.5137
-34.5137
-34.5137
-34.5137
-34.5137
-34.5137
-34.5137
-34.5137
-34.5137
-34.5137
-34.5137
-34.5137
-34.5137
-34.5137
-34.5137
-34.5137
-34.5137
-34.5137
-34.5137
-34.5137
-34.5137
-34.5137
-34.5137
-34.5137
-34.5137
-34.5137
-34.5137
-34.5137
-34.5137
-34.5136
-34.5136
-34.5136
-34.5136
-34.5136
-34.5136
-34.5135
-34.5135
-34.5135
-34.5136
-34.5136
-34.5136
-34.5136
-34.5136
-34.5136
-34.5136
-34.5136
-34.5136
-34.5136
-34.5136
-34.5136
-34.5136
-34.5137
-34.5137
-34.5136
-34.5136
-34.5136
-34.5135
-34.5135
-34.5134
-34.5134
-34.5134
-34.5134
-34.5133
-34.5133
-34.5133
-34.5133
-34.5135
-34.5137
-34.514
-34.5143
-34.5146
-34.5148
-34.5151
-34.5153
-34.5155
-34.5156
-34.5157
-34.5158
-34.5159
-34.516
-34.5161
-34.5161
-34.5162
-34.5162
-34.5162
-34.5162
-34.5163
-34.5163
-34.5163
-34.5163
-34.5163
-34.5163
-34.5163
-34.5163
-34.5163
-34.5163
-34.5163
-34.5163
-34.5163
-34.5164
-34.516
-34.5149
-34.5135
-34.512
-34.5105
-34.509
-34.5075
-34.5062
-34.505
-34.5039
-34.5029
-34.5021
-34.5013
-34.5007
-34.5
-34.4995
-34.4992
-34.4989
-34.4987
-34.4985
-34.4985
-34.4985
-34.4985
-34.4985
-34.4985
-34.4985
-34.4986
-34.4987
-34.4989
-34.4991
-34.4993
-34.4991
-34.4992
-34.4992
-34.4992
-34.4991
-34.4991
-34.4991
-34.4991
-34.4991
-34.499
-34.4988
-34.4986
-34.4985
-34.4984
-34.4983
-34.4984
-34.4985
-34.4986
-34.4985
-34.4984
-34.4982
-34.4979
-34.4975
-34.4971
-34.4969
-34.4967
-34.4966
-34.4964
-34.4963
-34.496
-34.4958
-34.4954
-34.4951
-34.4947
-34.4944
-34.4941
-34.4938
-34.4934
-34.4929
-34.4924
-34.4921
-34.4917
-34.4916
-34.4916
-34.4917
-34.492
-34.4922
-34.4925
-34.4925
-34.4923
-34.4921
-34.4921
-34.4919
-34.4918
-34.4917
-34.4918
-34.4921
-34.4926
-34.4931
-34.4938
-34.4947
-34.4957
-34.4968
-34.4981
-34.4996
-34.501
-34.5022
-34.5034
-34.5044
-34.5051
-34.5055
-34.5058
-34.506
-34.5058
-34.5055
-34.5051
-34.5046
-34.5043
-34.5043
-34.5042
-34.5042
-34.5043
-34.5044
-34.5046
-34.5052
-34.5059
-34.5065
-34.5076
-34.5085
-34.5096
-34.5109
-34.5123
-34.5136
-34.515
-34.5162
-34.5172
-34.5179
-34.5183
-34.5185
-34.5184
-34.5185
-34.5183
-34.518
-34.5182
-34.5182
-34.5184
-34.5186
-34.5187
-34.5191
-34.5199
-34.5207
-34.5218
-34.5231
-34.5243
-34.5259
-34.5277
-34.5293
-34.5312
-34.5328
-34.5343
-34.5355
-34.5361
-34.5365
-34.5366
-34.5364
-34.536
-34.5352
-34.5342
-34.5332
-34.532
-34.5308
-34.5294
-34.5277
-34.5261
-34.5244
-34.5231
-34.5219
-34.521
-34.5203
-34.5198
-34.5195
-34.5192
-34.519
-34.519
-34.5188
-34.5183
-34.5178
-34.5175
-34.5174
-34.5179
-34.5184
-34.5194
-34.5205
-34.5219
-34.5234
-34.5251
-34.5267
-34.5284
-34.5299
-34.5312
-34.5321
-34.5332
-34.5339
-34.5347
-34.5351
-34.5354
-34.5354
-34.5356
-34.5355
-34.5356
-34.5351
-34.5348
-34.534
-34.5335
-34.5326
-34.5315
-34.5301
-34.5285
-34.5266
-34.5249
-34.5233
-34.5219
-34.5209
-34.5206
-34.5202
-34.5203
-34.5201
-34.5203
-34.5199
-34.5193
-34.5186
-34.518
-34.5172
-34.5167
-34.5158
-34.5155
-34.515
-34.5149
-34.5149
-34.5151
-34.5152
-34.5153
-34.5154
-34.5157
-34.5161
-34.5168
-34.5173
-34.5178
-34.5178
-34.5178
-34.5174
-34.5169
-34.5154
-34.5137
-34.5117
-34.5095
-34.5075
-34.5059
-34.5043
-34.5034
-34.5029
-34.5029
-34.5034
-34.5044
-34.5053
-34.5065
-34.5073
-34.5082
-34.5091
-34.5104
-34.5119
-34.5137
-34.5152
-34.5166
-34.5177
-34.5187
-34.5197
-34.5207
-34.5218
-34.5232
-34.5248
-34.5264
-34.5278
-34.5289
-34.5299
-34.5305
-34.5309
-34.5312
-34.5313
-34.5314
-34.5315
-34.5318
-34.5321
-34.5322
-34.5323
-34.5323
-34.5321
-34.5319
-34.5317
-34.5318
-34.5322
-34.5332
-34.5348
-34.5368
-34.5392
-34.5416
-34.5441
-34.5468
-34.5496
-34.5523
-34.5547
-34.5566
-34.5581
-34.5592
-34.5596
-34.5597
-34.5598
-34.5596
-34.5591
-34.5583
-34.5575
-34.5566
-34.5555
-34.5541
-34.5522
-34.5499
-34.5473
-34.5446
-34.542
-34.5397
-34.5377
-34.5363
-34.5352
-34.5341
-34.5335
-34.5332
-34.5339
-34.5351
-34.5367
-34.5389
-34.5408
-34.5427
-34.5445
-34.5462
-34.5478
-34.5492
-34.5503
-34.5508
-34.5508
-34.5507
-34.5505
-34.5499
-34.5492
-34.5487
-34.5481
-34.5478
-34.5479
-34.548
-34.548
-34.5477
-34.5472
-34.5468
-34.5468
-34.5477
-34.5493
-34.5514
-34.5539
-34.5564
-34.5594
-34.5626
-34.566
-34.5692
-34.5722
-34.5746
-34.5767
-34.5778
-34.5782
-34.5781
-34.5778
-34.5773
-34.5773
-34.5774
-34.5777
-34.578
-34.578
-34.5781
-34.5783
-34.5787
-34.5795
-34.5807
-34.582
-34.5829
-34.5838
-34.5844
-34.585
-34.5859
-34.5869
-34.5879
-34.5887
-34.5893
-34.5892
-34.589
-34.5883
-34.5874
-34.586
-34.5845
-34.5825
-34.5802
-34.5779
-34.5756
-34.5738
-34.5726
-34.5722
-34.5724
-34.5729
-34.5735
-34.5738
-34.5738
-34.5738
-34.5731
-34.5729
-34.5727
-34.5725
-34.5724
-34.5724
-34.5723
-34.5722
-34.5722
-34.5722
-34.5728
-34.5733
-34.574
-34.5746
-34.5753
-34.5761
-34.5771
-34.5783
-34.5798
-34.5813
-34.5828
-34.5846
-34.5861
-34.588
-34.5899
-34.5921
-34.5939
-34.5954
-34.5957
-34.5952
-34.5936
-34.5911
-34.5881
-34.5849
-34.582
-34.5796
-34.5778
-34.5763
-34.5752
-34.5742
-34.5732
-34.5719
-34.5708
-34.5698
-34.5691
-34.5684
-34.5681
-34.5674
-34.5672
-34.567
-34.5668
-34.5668
-34.5667
-34.5664
-34.5659
-34.5647
-34.5629
-34.5604
-34.5574
-34.5542
-34.5511
-34.548
-34.5449
-34.5422
-34.5399
-34.5378
-34.536
-34.5351
-34.5345
-34.5346
-34.5351
-34.5358
-34.5365
-34.5374
-34.5383
-34.5397
-34.5412
-34.543
-34.545
-34.547
-34.5487
-34.5498
-34.5503
-34.5501
-34.5495
-34.5483
-34.5465
-34.5439
-34.541
-34.5377
-34.5344
-34.5312
-34.5282
-34.5258
-34.5237
-34.5223
-34.5215
-34.5215
-34.522
-34.5232
-34.5246
-34.5262
-34.5279
-34.5295
-34.5318
-34.5342
-34.5364
-34.5386
-34.5404
-34.5417
-34.5426
-34.5431
-34.543
-34.5424
-34.5417
-34.5404
-34.5389
-34.537
-34.5349
-34.5321
-34.5293
-34.5262
-34.5231
-34.5203
-34.5178
-34.5163
-34.5157
-34.516
-34.517
-34.5184
-34.5201
-34.5225
-34.5249
-34.5274
-34.5296
-34.5315
-34.5325
-34.5327
-34.5322
-34.5311
-34.5294
-34.5273
-34.5252
-34.5227
-34.5203
-34.5181
-34.5163
-34.5146
-34.513
-34.5115
-34.5102
-34.5089
-34.5076
-34.5066
-34.5057
-34.505
-34.5042
-34.5039
-34.5039
-34.5042
-34.5043
-34.5049
-34.5053
-34.5059
-34.5067
-34.5075
-34.5081
-34.5086
-34.5088
-34.509
-34.5086
-34.5081
-34.5068
-34.5048
-34.5024
-34.4996
-34.4963
-34.4929
-34.4894
-34.4861
-34.4831
-34.4808
-34.4787
-34.4777
-34.477
-34.4768
-34.4768
-34.4775
-34.4783
-34.4794
-34.4805
-34.482
-34.4831
-34.4849
-34.4865
-34.4885
-34.4904
-34.4924
-34.494
-34.4958
-34.4971
-34.4982
-34.4989
-34.5
-34.5009
-34.5016
-34.5025
-34.5035
-34.5041
-34.505
-34.5053
-34.5056
-34.5054
-34.5051
-34.5045
-34.5036
-34.5023
-34.5007
-34.4986
-34.4966
-34.4942
-34.4923
-34.4902
-34.4885
-34.4867
-34.4851
-34.4835
-34.4823
-34.4812
-34.4805
-34.4797
-34.4795
-34.479
-34.4789
-34.4788
-34.4789
-34.4791
-34.4794
-34.48
-34.4808
-34.4819
-34.4835
-34.4852
-34.487
-34.4885
-34.4902
-34.4917
-34.4931
-34.4942
-34.4949
-34.4949
-34.495
-34.4949
-34.4948
-34.4948
-34.4951
-34.4953
-34.4958
-34.4962
-34.4967
-34.4974
-34.4982
-34.499
-34.4999
-34.5007
-34.5018
-34.5027
-34.5037
-34.5046
-34.5056
-34.5063
-34.5072
-34.5078
-34.5085
-34.5091
-34.5096
-34.5103
-34.5109
-34.5116
-34.5125
-34.5136
-34.5148
-34.5157
-34.5169
-34.518
-34.5191
-34.5202
-34.5211
-34.5219
-34.5226
-34.5228
-34.523
-34.5231
-34.523
-34.5227
-34.5226
-34.5223
-34.5221
-34.5219
-34.5213
-34.5205
-34.5197
-34.519
-34.5184
-34.5179
-34.5177
-34.5178
-34.5181
-34.5189
-34.5199
-34.5211
-34.5228
-34.5249
-34.5269
-34.5288
-34.5306
-34.5321
-34.5335
-34.5348
-34.5361
-34.5373
-34.5382
-34.5389
-34.5394
-34.5399
-34.5402
-34.5405
-34.5406
-34.5407
-34.5404
-34.5399
-34.5395
-34.5393
-34.5391
-34.5393
-34.5394
-34.5398
-34.5401
-34.5405
-34.5409
-34.5415
-34.5418
-34.542
-34.5421
-34.5419
-34.5416
-34.541
-34.5403
-34.5396
-34.5387
-34.5378
-34.5369
-34.5359
-34.5349
-34.5337
-34.5327
-34.5315
-34.5303
-34.5291
-34.5278
-34.5266
-34.5252
-34.5237
-34.5221
-34.5205
-34.5188
-34.5173
-34.5157
-34.5143
-34.513
-34.5118
-34.5108
-34.51
-34.5093
-34.5089
-34.5085
-34.5081
-34.5077
-34.5073
-34.5069
-34.5065
-34.5061
-34.5057
-34.5054
-34.505
-34.5047
-34.5044
-34.5041
-34.5042
-34.5044
-34.5047
-34.5053
-34.506
-34.5067
-34.5073
-34.5078
-34.5083
-34.5087
-34.509
-34.5093
-34.5096
-34.5098
-34.51
-34.5101
-34.5101
-34.5099
-34.5097
-34.5094
-34.5092
-34.5088
-34.5085
-34.5081
-34.5077
-34.5072
-34.5068
-34.5063
-34.5059
-34.5057
-34.5055
-34.5054
-34.5052
-34.5049
-34.5047
-34.5044
-34.5042
-34.5042
-34.5041
-34.5042
-34.5043
-34.5044
-34.5045
-34.5047
-34.5048
-34.505
-34.5051
-34.5053
-34.5054
-34.5054
-34.5055
-34.5055
-34.5055
-34.5055
-34.5055
-34.5057
-34.5059
-34.5061
-34.5063
-34.5065
-34.5067
-34.5068
-34.5069
-34.5069
-34.5069
-34.5068
-34.5066
-34.5063
-34.506
-34.5056
-34.5053
-34.5051
-34.5049
-34.5049
-34.5049
-34.5049
-34.505
-34.5051
-34.5051
-34.5051
-34.5051
-34.5051
-34.505
-34.505
-34.5049
-34.505
-34.505
-34.505
-34.5051
-34.5051
-34.5052
-34.5052
-34.5052
-34.5053
-34.5053
-34.5052
-34.5052
-34.5051
-34.505
-34.5049
-34.5048
-34.5047
-34.5046
-34.5045
-34.5044
-34.5043
-34.5042
-34.5041
-34.504
-34.5039
-34.5038
-34.5036
-34.5033
-34.503
-34.5027
-34.5024
-34.5021
-34.5019
-34.5016
-34.5014
-34.5012
-34.501
-34.5009
-34.5007
-34.5005
-34.5004
-34.5002
-34.5001
-34.5
-34.4999
-34.4998
-34.4997
-34.4996
-34.4995
-34.4995
-34.4994
-34.4994
-34.4995
-34.4996
-34.4997
-34.4998
-34.4999
-34.4999
-34.4999
-34.5
-34.5
-34.5
-34.5
-34.5
-34.5
-34.5
-34.5
-34.4999
-34.4999
-34.4999
-34.4998
-34.4998
-34.4998
-34.4997
-34.4997
-34.4997
-34.4996
-34.4996
-34.4995
-34.4995
-34.4995
-34.4994
-34.4994
-34.4994
-34.4993
-34.4993
-34.4992
-34.4992
-34.4991
-34.499
-34.499
-34.499
-34.4989
-34.4989
-34.4989
-34.4988
-34.4988
-34.4988
-34.4987
-34.4987
-34.4987
-34.4986
-34.4986
-34.4986
-34.4986
-34.4985
-34.4985
-34.4985
-34.4985
-34.4985
-34.4985
-34.4984
-34.4984
-34.4984
-34.4983
-34.4983
-34.4982
-34.4982
-34.4982
-34.4981
-34.4981
-34.4981
-34.498
-34.498
-34.498
-34.498
-34.498
-34.498
-34.498
-34.498
-34.498
-34.498
-34.498
-34.498
-34.498
-34.498
-34.498
-34.498
-34.498
-34.498
-34.498
-34.498
-34.498
-34.498
-34.498
-34.498
-34.498
-34.498
-34.498
-34.498
-34.4981
-34.4982
-34.4983
-34.4987
-34.499
-34.4994
-34.4998
-34.5002
-34.5006
-34.5009
-34.5012
-34.5014
-34.5016
-34.5018
-34.502
-34.5021
-34.5022
-34.5023
-34.5024
-34.5024
-34.5025
-34.5025
-34.5026
-34.5026
-34.5026
-34.5026
-34.5027
-34.5027
-34.5027
-34.5027
-34.5027
-34.5027
-34.5027
-34.5027
-34.5027
-34.5027
-34.5027
-34.5027
-34.5027
-34.5027
-34.5027
-34.5027
-34.5027
-34.5027
-34.5027
-34.5027
-34.5027
-34.5027
-34.5027
-34.5027
-34.5027
-34.5027
-34.5027
-34.5027
-34.5027
-34.5027
-34.5027
-34.5027
-34.5027
-34.5027
-34.5027
-34.5027
-34.5027
-34.5027
-34.5027
-34.5027
-34.5027
-34.5027
-34.5027
-34.5027
-34.5027
-34.5027
-34.5027
-34.5027
-34.5027
-34.5027
-34.5027
-34.5027
-34.5027
-34.5027
-34.5027
-34.5027
-34.5027
-34.5028
-34.5028
-34.5028
-34.5028
-34.5028
-34.5028
-34.5028
-34.5028
-34.5028
-34.5028
-34.5029
-34.5029
-34.5029
-34.5029
-34.5029
-34.5029
-34.5029
-34.5029
-34.5029
-34.5029
-34.5029
-34.5029
-34.5029
-34.5029
-34.5029
-34.5029
-34.5029
-34.5028
-34.5028
-34.5028
-34.5028
-34.5027
-34.5027
-34.5027
-34.5027
-34.5027
-34.5027
-34.5027
-34.5026
-34.5026
-34.5026
-34.5026
-34.5026
-34.5026
-34.5026
-34.5026
-34.5026
-34.5026
-34.5026
-34.5026
-34.5026
-34.5026
-34.5026
-34.5026
-34.5026
-34.5026
-34.5026
-34.5026
-34.5026
-34.5026
-34.5026
-34.5026
-34.5026
-34.5026
-34.5026
-34.5026
-34.5026
-34.5026
-34.5026
-34.5026
-34.5026
-34.5026
-34.5026
-34.5025
-34.5025
-34.5024
-34.5023
-34.5022
-34.5021
-34.502
-34.5019
-34.5019
-34.5018
-34.5017
-34.5016
-34.5016
-34.5015
-34.5015
-34.5014
-34.5013
-34.5012
-34.5011
-34.501
-34.5009
-34.5007
-34.5006
-34.5006
-34.5004
-34.5004
-34.5002
-34.5
-34.4998
-34.4995
-34.4992
-34.4989
-34.4986
-34.4985
-34.4982
-34.4979
-34.4976
-34.4971
-34.4969
-34.4964
-34.4961
-34.4956
-34.4952
-34.4948
-34.4944
-34.4942
-34.4942
-34.4941
-34.4941
-34.494
-34.4938
-34.4938
-34.4935
-34.493
-34.4927
-34.4923
-34.4918
-34.4913
-34.4908
-34.4903
-34.4897
-34.4892
-34.4887
-34.4881
-34.4875
-34.4868
-34.4861
-34.4853
-34.4845
-34.4835
-34.4823
-34.4813
-34.4801
-34.4788
-34.4772
-34.4756
-34.4741
-34.4725
-34.4709
-34.4691
-34.4673
-34.4654
-34.4639
-34.4625
-34.4612
-34.4603
-34.4597
-34.4592
-34.4588
-34.4586
-34.4583
-34.4579
-34.4578
-34.4577
-34.4577
-34.4576
-34.4575
-34.4574
-34.4577
-34.4578
-34.4576
-34.4572
-34.4564
-34.4552
-34.4541
-34.4528
-34.4513
-34.4498
-34.4484
-34.4468
-34.4453
-34.4437
-34.4424
-34.4408
-34.4393
-34.4376
-34.4357
-34.4331
-34.4303
-34.4273
-34.4242
-34.4207
-34.4176
-34.4147
-34.4122
-34.4101
-34.4081
-34.4066
-34.4054
-34.4043
-34.4037
-34.4026
-34.4015
-34.4005
-34.3998
-34.3992
-34.3992
-34.399
-34.3994
-34.3997
-34.4004
-34.4011
-34.4019
-34.4025
-34.4032
-34.4034
-34.4038
-34.4036
-34.4033
-34.4028
-34.4027
-34.4024
-34.4026
-34.4024
-34.4021
-34.4016
-34.4012
-34.3999
-34.3985
-34.3966
-34.3948
-34.3926
-34.3904
-34.3876
-34.385
-34.3818
-34.3786
-34.375
-34.3716
-34.3678
-34.3647
-34.3615
-34.3588
-34.3568
-34.355
-34.3535
-34.3521
-34.351
-34.3505
-34.3504
-34.3507
-34.3516
-34.3529
-34.3543
-34.3557
-34.3568
-34.3576
-34.3582
-34.3583
-34.3583
-34.358
-34.3576
-34.357
-34.356
-34.3547
-34.3531
-34.3517
-34.3503
-34.349
-34.3476
-34.3461
-34.3444
-34.3426
-34.3411
-34.34
-34.3397
-34.34
-34.3406
-34.3419
-34.3433
-34.3452
-34.347
-34.3487
-34.3503
-34.3518
-34.3533
-34.3544
-34.3551
-34.3556
-34.3565
-34.3574
-34.3588
-34.3607
-34.3627
-34.365
-34.3671
-34.3691
-34.3709
-34.3725
-34.3739
-34.3749
-34.3755
-34.3756
-34.3753
-34.3751
-34.3747
-34.3735
-34.3713
-34.3684
-34.365
-34.3613
-34.3574
-34.3537
-34.3506
-34.3479
-34.3457
-34.3444
-34.3432
-34.342
-34.3407
-34.3395
-34.3383
-34.3371
-34.3359
-34.3347
-34.3334
-34.3326
-34.3321
-34.3318
-34.3313
-34.3309
-34.3304
-34.3306
-34.3313
-34.3327
-34.3347
-34.337
-34.3394
-34.342
-34.3442
-34.3461
-34.3472
-34.3478
-34.3483
-34.3486
-34.3487
-34.3485
-34.3484
-34.3481
-34.3477
-34.3471
-34.3466
-34.3459
-34.3459
-34.3467
-34.3477
-34.3481
-34.348
-34.3474
-34.3461
-34.3439
-34.3412
-34.3386
-34.3365
-34.3351
-34.3335
-34.3322
-34.3308
-34.3296
-34.3286
-34.3279
-34.3276
-34.328
-34.3287
-34.3295
-34.33
-34.3305
-34.3313
-34.332
-34.3327
-34.3335
-34.3347
-34.3358
-34.3367
-34.3367
-34.3365
-34.3363
-34.3367
-34.3374
-34.3383
-34.3395
-34.3407
-34.3418
-34.3426
-34.3435
-34.3447
-34.3459
-34.3473
-34.348
-34.3484
-34.3487
-34.3484
-34.3484
-34.3485
-34.3487
-34.349
-34.3493
-34.3493
-34.3497
-34.3505
-34.3512
-34.3519
-34.3532
-34.3544
-34.3553
-34.3563
-34.358
-34.3608
-34.3638
-34.3672
-34.3708
-34.3745
-34.3781
-34.3817
-34.3853
-34.3889
-34.3917
-34.3944
-34.3969
-34.3993
-34.4011
-34.403
-34.4052
-34.4071
-34.4081
-34.4081
-34.4081
-34.4078
-34.4066
-34.405
-34.403
-34.401
-34.3988
-34.3969
-34.3957
-34.3951
-34.395
-34.3952
-34.396
-34.3969
-34.3982
-34.3994
-34.4014
-34.404
-34.4064
-34.4091
-34.4121
-34.4151
-34.418
-34.4207
-34.4239
-34.4268
-34.429
-34.4308
-34.4323
-34.4331
-34.4336
-34.4336
-34.4337
-34.4332
-34.4322
-34.4312
-34.4298
-34.4282
-34.4267
-34.4257
-34.4255
-34.4252
-34.4258
-34.4268
-34.4283
-34.4298
-34.4319
-34.4341
-34.4359
-34.4376
-34.4397
-34.4418
-34.4438
-34.4464
-34.4493
-34.4524
-34.4556
-34.4589
-34.462
-34.4644
-34.4666
-34.468
-34.4688
-34.4691
-34.4693
-34.4689
-34.4681
-34.4668
-34.4655
-34.4635
-34.4614
-34.4592
-34.4566
-34.4538
-34.451
-34.4484
-34.4461
-34.4441
-34.4428
-34.4418
-34.4411
-34.4406
-34.4409
-34.4416
-34.442
-34.4426
-34.4431
-34.443
-34.4426
-34.4423
-34.4419
-34.4413
-34.4411
-34.4409
-34.4402
-34.4392
-34.4385
-34.438
-34.4373
-34.437
-34.4369
-34.4374
-34.4379
-34.4388
-34.44
-34.4411
-34.4423
-34.4438
-34.4458
-34.448
-34.4507
-34.454
-34.457
-34.4595
-34.4622
-34.4646
-34.4667
-34.4688
-34.4706
-34.4716
-34.4724
-34.4729
-34.4729
-34.4729
-34.4736
-34.4745
-34.4748
-34.4757
-34.477
-34.4791
-34.4817
-34.4851
-34.4886
-34.4917
-34.4949
-34.498
-34.5007
-34.5027
-34.5047
-34.5062
-34.5069
-34.5074
-34.5078
-34.5088
-34.5098
-34.511
-34.5125
-34.514
-34.5154
-34.5173
-34.5202
-34.5236
-34.5279
-34.5327
-34.5381
-34.5441
-34.5507
-34.5581
-34.5657
-34.573
-34.58
-34.5871
-34.5936
-34.5998
-34.6064
-34.6135
-34.6203
-34.6264
-34.6326
-34.6383
-34.6441
-34.6501
-34.656
-34.6615
-34.667
-34.6727
-34.6786
-34.685
-34.6921
-34.6992
-34.7063
-34.7134
-34.7208
-34.7285
-34.7366
-34.7448
-34.7529
-34.7609
-34.7689
-34.7771
-34.7849
-34.7925
-34.7998
-34.8066
-34.8133
-34.8202
-34.8276
-34.835
-34.8425
-34.8504
-34.8579
-34.8657
-34.874
-34.8826
-34.8915
-34.9006
-34.9099
-34.9192
-34.929
-34.9394
-34.9498
-34.96
-34.9704
-34.9807
-34.9903
-35
-35.0099
-35.0195
-35.0291
-35.0387
-35.0483
-35.0581
-35.0681
-35.0783
-35.0882
-35.0985
-35.1097
-35.1214
-35.1335
-35.1464
-35.1598
-35.173
-35.1865
-35.2004
-35.2143
-35.2282
-35.2421
-35.2559
-35.2698
-35.2837
-35.298
-35.3124
-35.3273
-35.3427
-35.3582
-35.3743
-35.3911
-35.4081
-35.4258
-35.4441
-35.4631
-35.4823
-35.5021
-35.5218
-35.5419
-35.562
-35.582
-35.602
-35.6223
-35.6425
-35.6625
-35.6828
-35.703
-35.7229
-35.7431
-35.7631
-35.7827
-35.8025
-35.8225
-35.8425
-35.8625
-35.883
-35.9034
-35.9243
-35.9457
-35.9674
-35.989
-36.0111
-36.0338
-36.0566
-36.0798
-36.1036
-36.1275
-36.1514
-36.1757
-36.2003
-36.2249
-36.2499
-36.2749
-36.2997
-36.3249
-36.3499
-36.3748
-36.3999
-36.4246
-36.4487
-36.4728
-36.4969
-36.5205
-36.5439
-36.5673
-36.5902
-36.6136
-36.6372
-36.6608
-36.6846
-36.7087
-36.7326
-36.7573
-36.7828
-36.8081
-36.8334
-36.8591
-36.8851
-36.9111
-36.9373
-36.9633
-36.9886
-37.0142
-37.0397
-37.0654
-37.0909
-37.1164
-37.1413
-37.166
-37.1912
-37.2162
-37.2414
-37.2667
-37.292
-37.3172
-37.3427
-37.3687
-37.3946
-37.4202
-37.4459
-37.4714
-37.4966
-37.5219
-37.5477
-37.5733
-37.5986
-37.6236
-37.6483
-37.6726
-37.6968
-37.7205
-37.7439
-37.7666
-37.7889
-37.8113
-37.8337
-37.8555
-37.8769
-37.8985
-37.9201
-37.9416
-37.9631
-37.9847
-38.0068
-38.0285
-38.0503
-38.0717
-38.0932
-38.1146
-38.136
-38.1572
-38.1783
-38.1989
-38.2187
-38.2379
-38.2567
-38.2757
-38.2947
-38.3137
-38.3326
-38.3515
-38.3701
-38.3885
-38.4059
-38.4224
-38.4384
-38.4543
-38.4698
-38.4852
-38.5003
-38.5152
-38.5298
-38.5439
-38.558
-38.572
-38.5856
-38.5991
-38.6117
-38.6239
-38.6354
-38.6462
-38.6565
-38.667
-38.6771
-38.687
-38.6964
-38.705
-38.7124
-38.7195
-38.7257
-38.7312
-38.7362
-38.7409
-38.7448
-38.7484
-38.752
-38.7552
-38.7582
-38.7611
-38.7638
-38.7665
-38.7686
-38.7712
-38.7736
-38.7758
-38.778
-38.78
-38.7822
-38.7841
-38.7856
-38.7868
-38.7877
-38.7883
-38.7884
-38.7877
-38.7864
-38.7846
-38.7821
-38.7788
-38.7746
-38.7697
-38.764
-38.7574
-38.7496
-38.7409
-38.7313
-38.7207
-38.7092
-38.697
-38.684
-38.67
-38.6552
-38.6398
-38.6243
-38.6088
-38.5935
-38.578
-38.5621
-38.5456
-38.5288
-38.5112
-38.4928
-38.4737
-38.4546
-38.435
-38.4152
-38.3941
-38.3729
-38.3519
-38.3309
-38.3097
-38.288
-38.2657
-38.2426
-38.2186
-38.1936
-38.1677
-38.141
-38.1144
-38.087
-38.0581
-38.0283
-37.9982
-37.9678
-37.937
-37.9062
-37.8749
-37.8434
-37.8109
-37.7779
-37.7449
-37.7113
-37.6769
-37.6419
-37.6058
-37.5687
-37.5311
-37.493
-37.4541
-37.4145
-37.3751
-37.3347
-37.2938
-37.2522
-37.2102
-37.1676
-37.125
-37.0821
-37.0388
-36.9948
-36.9498
-36.9044
-36.859
-36.8128
-36.7665
-36.7198
-36.6722
-36.6242
-36.5759
-36.5266
-36.4774
-36.4275
-36.3773
-36.3267
-36.2754
-36.2241
-36.1726
-36.1205
-36.068
-36.0149
-35.9619
-35.9088
-35.8549
-35.8004
-35.7449
-35.6885
-35.6318
-35.5748
-35.5179
-35.4602
-35.4028
-35.3446
-35.286
-35.2269
-35.1663
-35.1055
-35.0434
-34.981
-34.9182
-34.8548
-34.7908
-34.7254
-34.66
-34.5936
-34.5269
-34.4589
-34.3908
-34.3218
-34.2527
-34.1831
-34.1131
-34.0425
-33.9711
-33.8989
-33.8253
-33.7514
-33.6768
-33.6016
-33.5254
-33.4494
-33.3727
-33.2956
-33.2177
-33.1395
-33.0605
-32.9815
-32.9026
-32.8232
-32.7439
-32.6637
-32.5838
-32.5033
-32.4229
-32.3429
-32.2625
-32.1826
-32.1015
-32.0196
-31.9361
-31.8531
-31.7703
-31.6871
-31.6029
-31.5176
-31.4314
-31.3448
-31.2583
-31.1703
-31.0821
-30.9928
-30.9026
-30.8115
-30.7193
-30.6264
-30.5313
-30.4353
-30.3366
-30.2364
-30.1337
-30.03
-29.9245
-29.8171
-29.7087
-29.5982
-29.4866
-29.3738
-29.2591
-29.1434
-29.0264
-28.9093
-28.7916
-28.6723
-28.5528
-28.4321
-28.3107
-28.1886
-28.0663
-27.9425
-27.8173
-27.6907
-27.5623
-27.4324
-27.3007
-27.1679
-27.0329
-26.8951
-26.7554
-26.6134
-26.4684
-26.3219
-26.1755
-26.0273
-25.8784
-25.7279
-25.5763
-25.424
-25.2713
-25.1179
-24.9635
-24.809
-24.6535
-24.497
-24.3412
-24.1843
-24.0263
-23.867
-23.7065
-23.5444
-23.3809
-23.2159
-23.0487
-22.8793
-22.7085
-22.5364
-22.3621
-22.1868
-22.0095
-21.8301
-21.6492
-21.4658
-21.2802
-21.0931
-20.9043
-20.7135
-20.5207
-20.326
-20.1293
-19.9304
-19.7291
-19.5251
-19.3195
-19.1119
-18.9031
-18.6927
-18.4803
-18.2669
-18.0521
-17.837
-17.6213
-17.4039
-17.1849
-16.9635
-16.7404
-16.5154
-16.2877
-16.0579
-15.8254
-15.5906
-15.3534
-15.1144
-14.8732
-14.6301
-14.3853
-14.1388
-13.8908
-13.6415
-13.3903
-13.1381
-12.8843
-12.6295
-12.3733
-12.1162
-11.8574
-11.5982
-11.3373
-11.0761
-10.8137
-10.551
-10.2881
-10.025
-9.76028
-9.49461
-9.22722
-8.9583
-8.68853
-8.41744
-8.14485
-7.87138
-7.59746
-7.32245
-7.04661
-6.77026
-6.49354
-6.21596
-5.93759
-5.65832
-5.3781
-5.09714
-4.81543
-4.53271
-4.24925
-3.96502
-3.6806
-3.39537
-3.11052
-2.82548
-2.54072
-2.25589
-1.97073
-1.68428
-1.39781
-1.11096
-0.823668
-0.535754
-0.247487
0.0406294
0.32833
0.614862
0.899549
1.18294
1.46508
1.74718
2.02994
2.31326
2.59833
2.88382
3.17052
3.45711
3.74425
4.03138
4.31978
4.60841
4.89786
5.18802
5.47937
5.77108
6.06307
6.35558
6.6479
6.94056
7.23287
7.52385
7.81463
8.10349
8.39187
8.67926
8.9642
9.24828
9.53094
9.81325
10.0946
10.376
10.6564
10.9364
11.2153
11.4933
11.7693
12.0439
12.3171
12.5889
12.8587
13.1272
13.3938
13.6594
13.9241
14.1879
14.4509
14.7124
14.9738
15.2342
15.4938
15.7521
16.009
16.2646
16.5185
16.7708
17.0218
17.2718
17.5206
17.7685
18.0156
18.2611
18.5058
18.7482
18.9894
19.2278
19.464
19.6984
19.9299
20.159
20.3855
20.6091
20.8312
21.0504
21.268
21.484
21.699
21.9128
22.126
22.3389
22.5517
22.764
22.975
23.1855
23.3953
23.603
23.81
24.0158
24.2197
24.4215
24.6213
24.8187
25.0139
25.2078
25.3996
25.5897
25.7779
25.9648
26.1501
26.3345
26.517
26.6982
26.8782
27.056
27.2316
27.4055
27.5761
27.745
27.9119
28.0767
28.2386
28.3985
28.5558
28.711
28.8639
29.0149
29.1641
29.3111
29.4564
29.5998
29.7414
29.8818
30.0204
30.1576
30.2934
30.428
30.5611
30.693
30.8239
30.9537
31.0827
31.2101
31.338
31.4647
31.5903
31.7153
31.8393
31.9625
32.0845
32.2059
32.3264
32.4462
32.5653
32.6836
32.8015
32.9185
33.0346
33.1493
33.2636
33.3763
33.4872
33.5965
33.7041
33.8105
33.9155
34.0192
34.1214
34.2226
34.3215
34.4199
34.5168
34.6134
34.7088
34.803
34.8963
34.9884
35.0798
35.1703
35.2606
35.3499
35.439
35.5271
35.6146
35.7012
35.7869
35.8721
35.9556
36.0388
36.1208
36.2021
36.2825
36.3623
36.4411
36.5196
36.5967
36.6724
36.7474
36.8212
36.8941
36.9665
37.0382
37.1098
37.1809
37.2513
37.3213
37.3904
37.4592
37.5279
37.5956
37.6631
37.7302
37.797
37.8639
37.93
37.9955
38.0611
38.1262
38.1911
38.2559
38.32
38.3837
38.4471
38.5099
38.5722
38.6341
38.6951
38.7558
38.8163
38.8764
38.9368
38.9969
39.0564
39.1152
39.1738
39.2315
39.2886
39.3454
39.4015
39.4563
39.5103
39.5635
39.6157
39.6672
39.7178
39.7674
39.8156
39.8631
39.9096
39.9551
39.9997
40.0428
40.0856
40.1276
40.1692
40.2103
40.2511
40.2915
40.331
40.37
40.408
40.4455
40.4824
40.5183
40.5534
40.588
40.6222
40.6563
40.6902
40.7238
40.7573
40.7907
40.8237
40.8567
40.8891
40.9213
40.9529
40.984
41.015
41.0454
41.0751
41.1039
41.1317
41.1585
41.1847
41.2102
41.235
41.2596
41.284
41.3076
41.3307
41.3536
41.3761
41.3984
41.4205
41.4426
41.4645
41.4863
41.5079
41.5296
41.551
41.5718
41.5921
41.6117
41.6301
41.6479
41.6645
41.6803
41.695
41.7086
41.7213
41.7331
41.7442
41.7543
41.764
41.7732
41.7822
41.791
41.7996
41.8079
41.8159
41.8237
41.8313
41.8386
41.8458
41.8521
41.8585
41.8642
41.8698
41.8747
41.879
41.8828
41.8861
41.8886
41.8908
41.8923
41.8933
41.8938
41.8937
41.8929
41.8916
41.8888
41.8853
41.8805
41.8754
41.8691
41.8623
41.8547
41.8465
41.8377
41.8281
41.818
41.8076
41.7967
41.7859
41.7752
41.7643
41.7534
41.7427
41.7326
41.7226
41.7128
41.7033
41.6935
41.6835
41.6733
41.6623
41.6508
41.6385
41.6257
41.6121
41.5979
41.583
41.5674
41.551
41.5338
41.5162
41.498
41.479
41.4594
41.4393
41.4192
41.3984
41.3772
41.356
41.3345
41.3126
41.2905
41.268
41.2449
41.2218
41.1986
41.1752
41.1512
41.1271
41.1029
41.0785
41.0536
41.0288
41.0037
40.9782
40.9527
40.9271
40.9013
40.8753
40.8494
40.8234
40.7973
40.771
40.7434
40.7159
40.6882
40.66
40.6317
40.6032
40.5744
40.5455
40.5163
40.4863
40.4562
40.4257
40.3954
40.3653
40.3359
40.307
40.2789
40.2518
40.2251
40.1986
40.1728
40.1466
40.1205
40.0948
40.0691
40.0433
40.0178
39.9918
39.9659
39.9398
39.9137
39.8872
39.8607
39.8344
39.8081
39.782
39.7562
39.7304
39.7045
39.6788
39.6534
39.6276
39.6021
39.5766
39.551
39.5255
39.5001
39.4744
39.4485
39.4225
39.3963
39.3702
39.3444
39.3187
39.2929
39.2672
39.2416
39.2155
39.189
39.1618
39.134
39.1063
39.0785
39.0508
39.0229
38.9954
38.9676
38.9398
38.9118
38.8835
38.8554
38.8278
38.8004
38.7736
38.7474
38.7217
38.6963
38.671
38.6468
38.6223
38.5982
38.5746
38.5514
38.5284
38.5058
38.4835
38.4614
38.4395
38.4183
38.3974
38.3769
38.3566
38.3368
38.3173
38.298
38.2791
38.2608
38.2427
38.2252
38.2082
38.1914
38.1748
38.1582
38.1415
38.1249
38.1083
38.0917
38.0754
38.0595
38.0436
38.0278
38.0121
37.9963
37.9805
37.9646
37.9488
37.9335
37.9184
37.9036
37.889
37.8749
37.8613
37.8475
37.8338
37.8201
37.8069
37.7938
37.7807
37.7677
37.7549
37.7421
37.7294
37.7168
37.7043
37.692
37.6796
37.6672
37.655
37.6429
37.6307
37.6185
37.6065
37.5946
37.5829
37.5717
37.5602
37.5493
37.5384
37.5282
37.5187
37.5092
37.5002
37.4913
37.4831
37.4752
37.4673
37.4597
37.452
37.4445
37.4371
37.43
37.4225
37.4152
37.4082
37.4018
37.396
37.3903
37.3848
37.3795
37.3742
37.3692
37.3642
37.3593
37.3545
37.3499
37.3454
37.341
37.3369
37.3331
37.3293
37.3255
37.3218
37.318
37.3143
37.3109
37.3074
37.3037
37.3004
37.2968
37.2935
37.2902
37.287
37.2836
37.2806
37.2775
37.2746
37.2718
37.269
37.2658
37.2624
37.2586
37.2546
37.251
37.2474
37.2436
37.2395
37.2355
37.2312
37.227
37.2231
37.2194
37.2157
37.212
37.2081
37.2042
37.2003
37.1966
37.193
37.1897
37.1864
37.1831
37.1797
37.1764
37.1733
37.1704
37.1675
37.1648
37.1618
37.1591
37.1561
37.1534
37.1508
37.1482
37.1452
37.1418
37.1381
37.134
37.1302
37.1267
37.1233
37.1201
37.1169
37.1138
37.111
37.1084
37.1061
37.1041
37.1022
37.1002
37.0978
37.0952
37.0923
37.0892
37.0861
37.0828
37.0794
37.0759
37.0722
37.0687
37.0649
37.0615
37.0582
37.0551
37.0521
37.0493
37.0465
37.0439
37.0412
37.0391
37.0368
37.0351
37.0332
37.032
37.0307
37.0298
37.0286
37.0275
37.0263
37.025
37.0238
37.0228
37.0217
37.0209
37.0198
37.0188
37.0174
37.0159
37.0142
37.0131
37.0119
37.0114
37.0104
37.0094
37.0081
37.0073
37.0061
37.0052
37.0043
37.0036
37.0029
37.0024
37.0021
37.0023
37.0024
37.0027
37.003
37.0034
37.0036
37.0039
37.0042
37.0046
37.0047
37.005
37.0048
37.0049
37.0045
37.0042
37.0038
37.0032
37.0026
37.0022
37.002
37.0023
37.0025
37.0032
37.0038
37.0044
37.0048
37.0051
37.0052
37.0054
37.0054
37.0057
37.0059
37.0066
37.0072
37.0081
37.0088
37.0099
37.011
37.0121
37.013
37.0134
37.0138
37.0142
37.0145
37.0148
37.015
37.0151
37.0153
37.016
37.0166
37.0176
37.0183
37.0191
37.0204
37.0215
37.0227
37.024
37.0251
37.0259
37.0273
37.0283
37.0292
37.03
37.0306
37.0311
37.0317
37.032
37.0324
37.0331
37.0336
37.034
37.0344
37.0346
37.0343
37.0343
37.0343
37.0344
37.0349
37.0351
37.0354
37.0358
37.0358
37.0362
37.0369
37.0377
37.0386
37.0397
37.0407
37.0416
37.043
37.044
37.0448
37.0458
37.0465
37.0469
37.0472
37.0472
37.0471
37.0472
37.0472
37.047
37.0467
37.0465
37.0462
37.046
37.0458
37.0464
37.0468
37.0471
37.0473
37.0478
37.0483
37.0486
37.0487
37.0489
37.0489
37.0485
37.048
37.0477
37.0471
37.0464
37.0458
37.0457
37.0458
37.0459
37.046
37.0464
37.0476
37.0489
37.0503
37.0516
37.0527
37.0542
37.0556
37.0568
37.0577
37.0585
37.0599
37.061
37.0623
37.0633
37.0644
37.0657
37.0665
37.0673
37.0676
37.0677
37.0677
37.0677
37.0677
37.0676
37.0673
37.0669
37.0669
37.0673
37.0679
37.0684
37.0688
37.069
37.069
37.0691
37.0692
37.0695
37.0694
37.0691
37.0685
37.0677
37.0668
37.066
37.0657
37.0652
37.0647
37.0641
37.0634
37.0627
37.0618
37.0609
37.0604
37.0601
37.06
37.0598
37.0595
37.0592
37.0589
37.0585
37.0583
37.0581
37.058
37.0579
37.0586
37.0596
37.0605
37.0615
37.0624
37.0631
37.0637
37.0642
37.0646
37.065
37.0653
37.0657
37.0661
37.0665
37.0674
37.0685
37.0694
37.0703
37.0709
37.0714
37.0717
37.072
37.0721
37.0723
37.0724
37.0725
37.0725
37.0726
37.0727
37.0729
37.0732
37.0735
37.0739
37.0742
37.0745
37.0751
37.0758
37.0764
37.0769
37.0773
37.0778
37.0781
37.0785
37.0786
37.0787
37.0788
37.0788
37.0788
37.0788
37.0789
37.0789
37.0789
37.0788
37.0787
37.0785
37.0784
37.0782
37.0781
37.0779
37.0778
37.0777
37.0776
37.0775
37.0774
37.0773
37.0773
37.0773
37.0772
37.0772
37.0772
37.0771
37.0771
37.0771
37.0771
37.077
37.0771
37.0773
37.0775
37.0777
37.0779
37.0781
37.0783
37.0784
37.0785
37.0786
37.0787
37.0787
37.0788
37.0789
37.0789
37.079
37.079
37.0791
37.0791
37.0791
37.0792
37.0792
37.0792
37.0792
37.0793
37.0793
37.0793
37.0792
37.0792
37.0791
37.0791
37.0791
37.0791
37.079
37.079
37.079
37.079
37.079
37.079
37.0789
37.0789
37.0789
37.0789
37.0789
37.0789
37.0789
37.0788
37.0788
37.0788
37.0787
37.0787
37.0787
37.0786
37.0786
37.0786
37.0786
37.0785
37.0785
37.0785
37.0785
37.0785
37.0784
37.0784
37.0784
37.0784
37.0783
37.0783
37.0782
37.0781
37.0781
37.078
37.0779
37.0779
37.0778
37.0778
37.0777
37.0776
37.0775
37.0775
37.0776
37.0777
37.0779
37.0781
37.0784
37.0786
37.0787
37.0789
37.0791
37.0792
37.0793
37.0793
37.0794
37.0794
37.0794
37.0795
37.0795
37.0795
37.0795
37.0795
37.0794
37.0794
37.0793
37.0792
37.0792
37.0791
37.0791
37.079
37.0789
37.0789
37.0788
37.0788
37.0788
37.0788
37.0788
37.0787
37.0787
37.0787
37.0786
37.0786
37.0786
37.0785
37.0785
37.0785
37.0784
37.0784
37.0784
37.0784
37.0783
37.0783
37.0782
37.0782
37.0781
37.078
37.078
37.0779
37.0779
37.0778
37.0778
37.0777
37.0777
37.0777
37.0776
37.0775
37.0775
37.0774
37.0774
37.0773
37.0773
37.0772
37.0772
37.0772
37.0771
37.0771
37.0771
37.077
37.077
37.0769
37.0769
37.0768
37.0768
37.0767
37.0767
37.0766
37.0765
37.0764
37.0763
37.0762
37.0762
37.0761
37.076
37.0759
37.0758
37.0757
37.0756
37.0755
37.0754
37.0753
37.0752
37.0751
37.075
37.0749
37.0748
37.0747
37.0746
37.0745
37.0744
37.0743
37.0742
37.0741
37.074
37.0738
37.0737
37.0736
37.0735
37.0734
37.0733
37.0732
37.0731
37.073
37.0729
37.0728
37.0727
37.0728
37.073
37.0731
37.0733
37.0735
37.0736
37.0738
37.0739
37.074
37.0741
37.0741
37.0742
37.0742
37.0742
37.0742
37.0742
37.0742
37.0742
37.0742
37.0742
37.0742
37.0742
37.0741
37.0741
37.074
37.074
37.074
37.0739
37.0739
37.0738
37.0738
37.0737
37.0737
37.0736
37.0735
37.0734
37.0734
37.0733
37.0732
37.0731
37.073
37.0729
37.0729
37.0728
37.0727
37.0727
37.0726
37.0726
37.0726
37.0725
37.0725
37.0725
37.0724
37.0724
37.0723
37.0723
37.0722
37.0722
37.0721
37.0721
37.0721
37.0721
37.072
37.072
37.072
37.072
37.072
37.0719
37.0719
37.0718
37.0718
37.0718
37.0717
37.0717
37.0716
37.0715
37.0715
37.0714
37.0713
37.0713
37.0712
37.0711
37.0711
37.071
37.0709
37.0708
37.0708
37.0707
37.0707
37.0707
37.0706
37.0706
37.0706
37.0706
37.0705
37.0705
37.0704
37.0704
37.0703
37.0703
37.0702
37.0702
37.0702
37.0701
37.0701
37.0701
37.0701
37.07
37.07
37.07
37.07
37.07
37.07
37.07
37.0699
37.0699
37.0699
37.0698
37.0698
37.0698
37.0697
37.0697
37.0699
37.0701
37.0706
37.0712
37.0719
37.0728
37.0736
37.0744
37.0753
37.0762
37.0771
37.0779
37.0786
37.0792
37.0797
37.0801
37.0805
37.0808
37.081
37.0815
37.0822
37.0829
37.0837
37.0843
37.0848
37.0852
37.0856
37.0858
37.0861
37.0863
37.0864
37.0868
37.0873
37.0876
37.0878
37.0877
37.0876
37.0872
37.0868
37.0862
37.0857
37.0853
37.085
37.0849
37.0847
37.0844
37.0838
37.083
37.0821
37.0813
37.0805
37.0798
37.079
37.0782
37.0773
37.0764
37.0758
37.0751
37.0748
37.074
37.0733
37.0723
37.0716
37.071
37.0705
37.0697
37.0688
37.0677
37.0669
37.0661
37.0654
37.0646
37.0638
37.063
37.0623
37.0617
37.0608
37.0599
37.0591
37.0584
37.0576
37.0564
37.0549
37.0534
37.0517
37.0498
37.0478
37.0457
37.0436
37.0417
37.0399
37.038
37.0364
37.0348
37.0334
37.0319
37.0303
37.0289
37.0276
37.0261
37.0248
37.0239
37.0231
37.0222
37.0217
37.0214
37.0214
37.0211
37.021
37.0211
37.0213
37.0214
37.0216
37.0215
37.021
37.0207
37.0203
37.0198
37.0194
37.0189
37.0185
37.0182
37.0177
37.0173
37.0172
37.0169
37.0167
37.0167
37.0167
37.0168
37.0169
37.017
37.017
37.0171
37.0171
37.0171
37.0172
37.0173
37.0172
37.0174
37.0175
37.0178
37.0184
37.019
37.0191
37.0194
37.0193
37.0193
37.0193
37.0192
37.0184
37.0173
37.0159
37.0141
37.0122
37.0101
37.0076
37.0052
37.0028
37.0005
36.9982
36.9962
36.994
36.9919
36.9897
36.9877
36.9858
36.9843
36.9829
36.9818
36.9808
36.9801
36.9795
36.9791
36.9788
36.9788
36.9793
36.98
36.981
36.982
36.983
36.9839
36.9846
36.985
36.9847
36.9843
36.9836
36.9824
36.9813
36.9801
36.9787
36.9774
36.9763
36.9756
36.975
36.9749
36.9747
36.9745
36.9742
36.9739
36.9736
36.9735
36.9733
36.9731
36.9728
36.9727
36.9729
36.973
36.9734
36.9737
36.9742
36.9746
36.975
36.9753
36.9757
36.9757
36.9759
36.9761
36.9761
36.9759
36.9755
36.9752
36.9748
36.9743
36.9737
36.9732
36.9728
36.9725
36.9721
36.9717
36.9714
36.9711
36.9713
36.9717
36.9723
36.9728
36.9737
36.9746
36.9754
36.9761
36.977
36.978
36.979
36.9802
36.9815
36.9828
36.9843
36.9856
36.9868
36.9878
36.9885
36.9888
36.9888
36.9885
36.9883
36.9882
36.9879
36.9879
36.9883
36.9892
36.99
36.991
36.9915
36.9916
36.9916
36.9915
36.9908
36.9902
36.9895
36.989
36.9889
36.9888
36.9891
36.989
36.989
36.9889
36.9888
36.9889
36.9888
36.989
36.9892
36.9897
36.9901
36.9908
36.9914
36.9919
36.9922
36.9927
36.9931
36.9934
36.9939
36.9941
36.9941
36.9939
36.9934
36.9929
36.9922
36.9916
36.9911
36.9908
36.9904
36.99
36.9894
36.9889
36.9883
36.9875
36.987
36.9866
36.9863
36.986
36.9859
36.9858
36.9856
36.9855
36.9851
36.9846
36.984
36.9837
36.9836
36.9836
36.9836
36.9835
36.9835
36.9839
36.9843
36.9846
36.985
36.9851
36.9856
36.9857
36.9857
36.9854
36.985
36.9844
36.9839
36.9836
36.9831
36.9828
36.9828
36.9825
36.9825
36.9827
36.9826
36.9824
36.9821
36.9818
36.9812
36.9802
36.9791
36.9779
36.9768
36.9757
36.9749
36.9744
36.9738
36.9734
36.9731
36.973
36.9731
36.9735
36.974
36.9746
36.9754
36.9757
36.9754
36.9743
36.9731
36.9717
36.9709
36.9697
36.9687
36.9674
36.9658
36.9641
36.9626
36.9611
36.9598
36.9585
36.9571
36.9558
36.9545
36.9534
36.9523
36.9515
36.951
36.9506
36.9505
36.9506
36.9504
36.9503
36.95
36.9499
36.9499
36.9499
36.9497
36.9496
36.9492
36.9486
36.9481
36.9473
36.9467
36.9459
36.9452
36.9439
36.9426
36.9411
36.9396
36.938
36.9369
36.9358
36.9348
36.9338
36.9324
36.931
36.9297
36.9284
36.9278
36.9273
36.9275
36.9279
36.9286
36.9293
36.9301
36.9308
36.9315
36.9326
36.9336
36.9348
36.9358
36.9364
36.9364
36.9364
36.936
36.9359
36.9357
36.9358
36.9357
36.9355
36.9352
36.9351
36.9352
36.9358
36.9366
36.9373
36.9383
36.939
36.9396
36.9405
36.9413
36.9421
36.9431
36.9437
36.9445
36.945
36.9453
36.9456
36.946
36.9463
36.9468
36.9477
36.9485
36.9495
36.9502
36.9509
36.9517
36.9524
36.9534
36.9547
36.9562
36.9575
36.9587
36.9594
36.9599
36.9602
36.9604
36.9609
36.9615
36.9623
36.9635
36.9647
36.966
36.9671
36.968
36.9687
36.969
36.9695
36.9696
36.9701
36.9706
36.9709
36.9713
36.9718
36.9723
36.9728
36.9735
36.9739
36.9743
36.9744
36.9739
36.9732
36.9724
36.9713
36.9702
36.9689
36.9676
36.9663
36.965
36.9638
36.9629
36.962
36.9615
36.9611
36.9614
36.9623
36.9638
36.9656
36.9678
36.9697
36.9717
36.9734
36.9751
36.9767
36.9783
36.9795
36.9807
36.9813
36.9817
36.9813
36.9809
36.9803
36.9797
36.9788
36.9781
36.9773
36.9765
36.9752
36.9741
36.973
36.9721
36.9712
36.9706
36.9703
36.9703
36.9707
36.9714
36.9721
36.9728
36.9734
36.9742
36.9751
36.9764
36.9777
36.9793
36.9812
36.9831
36.985
36.9869
36.9887
36.9899
36.9908
36.9914
36.9917
36.9922
36.9926
36.9929
36.9931
36.9929
36.9924
36.9919
36.9914
36.991
36.9909
36.9912
36.9917
36.9926
36.994
36.9957
36.9978
36.9999
37.0018
37.0038
37.0059
37.0081
37.0104
37.0128
37.015
37.0174
37.0194
37.0216
37.0237
37.0256
37.0275
37.0291
37.0305
37.0316
37.0324
37.033
37.0335
37.034
37.0343
37.0347
37.0353
37.0362
37.0371
37.0378
37.0385
37.0391
37.0393
37.0389
37.0384
37.0379
37.0372
37.0366
37.0359
37.0357
37.0354
37.0358
37.036
37.0365
37.0368
37.0371
37.0372
37.0371
37.037
37.0372
37.0372
37.0373
37.0373
37.0371
37.0368
37.0365
37.0362
37.0361
37.0357
37.0355
37.035
37.0348
37.0342
37.0335
37.0326
37.0318
37.031
37.0304
37.0297
37.0293
37.0287
37.0287
37.0286
37.0287
37.0286
37.0287
37.0282
37.028
37.0275
37.027
37.0265
37.0261
37.0256
37.0256
37.0251
37.0249
37.0243
37.0242
37.024
37.0242
37.0242
37.0244
37.0243
37.0242
37.0239
37.0237
37.0233
37.0229
37.0222
37.0214
37.0203
37.0193
37.0184
37.018
37.0174
37.017
37.0163
37.0159
37.0156
37.0155
37.0156
37.0161
37.0166
37.0172
37.0174
37.0172
37.0172
37.0171
37.0168
37.0168
37.0165
37.016
37.0156
37.0153
37.0149
37.0146
37.0144
37.0141
37.0142
37.0146
37.0152
37.016
37.0168
37.0177
37.0188
37.0197
37.0208
37.0221
37.0235
37.0245
37.0256
37.0264
37.0272
37.0278
37.0284
37.0286
37.0291
37.0295
37.0297
37.03
37.0303
37.0301
37.0302
37.0302
37.0301
37.0301
37.0302
37.0306
37.031
37.0311
37.0315
37.0321
37.0325
37.0325
37.0327
37.0328
37.0325
37.0318
37.0312
37.0306
37.03
37.0291
37.0288
37.0284
37.028
37.0273
37.0267
37.026
37.025
37.0239
37.0228
37.022
37.0214
37.0209
37.0204
37.0198
37.0195
37.0195
37.0195
37.0194
37.0191
37.019
37.0191
37.019
37.0186
37.0182
37.0176
37.0171
37.0165
37.0159
37.0153
37.0147
37.0142
37.0138
37.0138
37.014
37.0141
37.0142
37.0143
37.0143
37.0144
37.015
37.0156
37.0161
37.0168
37.0173
37.0177
37.0181
37.0185
37.0194
37.0202
37.021
37.0216
37.022
37.0223
37.0224
37.0225
37.0227
37.0234
37.0241
37.0248
37.0252
37.0256
37.0257
37.0257
37.0256
37.0254
37.0251
37.0248
37.0249
37.0254
37.0259
37.0264
37.0268
37.027
37.0271
37.0271
37.0272
37.0273
37.0273
37.0273
37.0273
37.0272
37.027
37.0268
37.0269
37.0274
37.028
37.0285
37.0289
37.029
37.029
37.0288
37.0283
37.0278
37.0272
37.0265
37.0258
37.0251
37.0244
37.0237
37.0231
37.0225
37.0219
37.0213
37.0207
37.0202
37.0197
37.0193
37.0189
37.0186
37.0183
37.0181
37.0179
37.0176
37.0173
37.017
37.0168
37.0169
37.0174
37.0179
37.0182
37.0185
37.0187
37.0187
37.0187
37.0186
37.0185
37.0183
37.018
37.0178
37.0175
37.0172
37.017
37.0168
37.0166
37.0164
37.0162
37.016
37.0159
37.0158
37.0157
37.0156
37.0155
37.0154
37.0154
37.0153
37.0152
37.015
37.0148
37.0145
37.0143
37.0142
37.014
37.0138
37.0137
37.0136
37.0135
37.0134
37.0134
37.0133
37.0133
37.0132
37.0132
37.0131
37.013
37.013
37.013
37.0129
37.0129
37.0129
37.0128
37.0128
37.0128
37.0127
37.0127
37.0126
37.0126
37.0125
37.0125
37.0124
37.0124
37.0124
37.0123
37.0123
37.0123
37.0125
37.0127
37.013
37.0132
37.0135
37.0137
37.0139
37.0141
37.0142
37.0143
37.0144
37.0145
37.0146
37.0146
37.0147
37.0147
37.0147
37.0148
37.0148
37.0148
37.0149
37.0149
37.0149
37.0149
37.0148
37.0148
37.0148
37.0147
37.0147
37.0147
37.0147
37.0146
37.0146
37.0146
37.0146
37.0146
37.0145
37.0145
37.0144
37.0144
37.0143
37.0143
37.0142
37.0142
37.0142
37.0141
37.0141
37.0141
37.014
37.0139
37.0139
37.0138
37.0138
37.0137
37.0137
37.0136
37.0136
37.0136
37.0135
37.0135
37.0134
37.0133
37.0133
37.0132
37.0132
37.0131
37.0131
37.0131
37.013
37.013
37.0131
37.0131
37.0131
37.0131
37.013
37.013
37.013
37.0129
37.0129
37.0129
37.0129
37.0129
37.0129
37.0129
37.0129
37.0128
37.0128
37.0127
37.0127
37.0127
37.0126
37.0126
37.0125
37.0125
37.0124
37.0123
37.0122
37.0122
37.0121
37.012
37.012
37.0119
37.0119
37.0118
37.0117
37.0117
37.0116
37.0115
37.0115
37.0114
37.0113
37.0113
37.0113
37.0112
37.0112
37.0112
37.0111
37.011
37.011
37.0109
37.0109
37.0108
37.0108
37.0107
37.0107
37.0107
37.0107
37.0106
37.0106
37.0106
37.0106
37.0105
37.0105
37.0104
37.0104
37.0103
37.0103
37.0103
37.0102
37.0102
37.0102
37.0101
37.0101
37.0101
37.0101
37.0101
37.0101
37.01
37.01
37.0099
37.0099
37.0098
37.0098
37.0097
37.0097
37.0096
37.0096
37.0096
37.0096
37.0096
37.0095
37.0095
37.0094
37.0094
37.0093
37.0093
37.0092
37.0092
37.0092
37.0091
37.0091
37.0091
37.009
37.009
37.009
37.009
37.009
37.0089
37.0089
37.0088
37.0088
37.0087
37.0087
37.0086
37.0086
37.0086
37.0085
37.0085
37.0085
37.0085
37.0085
37.0085
37.0084
37.0084
37.0084
37.0084
37.0084
37.0083
37.0083
37.0083
37.0083
37.0083
37.0082
37.0082
37.0082
37.0082
37.0082
37.0082
37.0082
37.0082
37.0082
37.0082
37.0081
37.0081
37.008
37.008
37.0079
37.0079
37.0078
37.0078
37.0077
37.0078
37.008
37.0082
37.0085
37.0086
37.0088
37.009
37.0091
37.0092
37.0093
37.0094
37.0095
37.0095
37.0096
37.0096
37.0097
37.0097
37.0096
37.0096
37.0096
37.0096
37.0095
37.0095
37.0095
37.0095
37.0095
37.0096
37.0098
37.0099
37.01
37.0102
37.0102
37.0103
37.0104
37.0104
37.0104
37.01
37.0096
37.0094
37.0093
37.0093
37.0095
37.0096
37.0098
37.0099
37.0101
37.0102
37.0104
37.0105
37.0106
37.0107
37.0103
37.0098
37.0095
37.0095
37.0096
37.0098
37.0098
37.0099
37.0099
37.0099
37.0101
37.0095
37.0089
37.0083
37.008
37.0079
37.008
37.0083
37.0086
37.0087
37.0087
37.0087
37.0091
37.0095
37.0102
37.011
37.0117
37.0124
37.0133
37.0147
37.0165
37.0185
37.0205
37.0225
37.0249
37.0275
37.0305
37.0334
37.0364
37.0397
37.043
37.0464
37.0496
37.0523
37.055
37.0578
37.0605
37.0629
37.0648
37.0667
37.0687
37.0702
37.0715
37.0731
37.0752
37.0772
37.0792
37.0818
37.0846
37.0875
37.0904
37.0934
37.0965
37.0993
37.1016
37.104
37.106
37.1078
37.1098
37.1114
37.1129
37.1148
37.1167
37.1185
37.1206
37.1225
37.1245
37.1267
37.1286
37.1303
37.1322
37.1341
37.1357
37.1377
37.1393
37.1406
37.1423
37.144
37.1458
37.1481
37.1504
37.1524
37.1542
37.156
37.158
37.16
37.1621
37.1642
37.1664
37.1686
37.1709
37.1729
37.175
37.1768
37.1788
37.1804
37.1822
37.1839
37.1855
37.187
37.1886
37.1897
37.1911
37.1922
37.1931
37.1936
37.194
37.1943
37.1949
37.1955
37.1961
37.1968
37.1972
37.1978
37.1983
37.1988
37.1996
37.2001
37.2008
37.2011
37.201
37.2008
37.2002
37.1994
37.1988
37.1981
37.1978
37.1973
37.1965
37.1955
37.1943
37.1932
37.1922
37.191
37.19
37.1886
37.1871
37.1852
37.1832
37.1811
37.179
37.1768
37.1746
37.1724
37.17
37.1677
37.1656
37.1637
37.1618
37.1593
37.1567
37.1543
37.1524
37.1509
37.1495
37.1488
37.1485
37.1488
37.1494
37.1502
37.1509
37.1516
37.1524
37.1532
37.1538
37.1542
37.1544
37.1545
37.1542
37.1537
37.1526
37.1515
37.1504
37.1493
37.1481
37.1469
37.1458
37.145
37.1443
37.1436
37.1428
37.1425
37.1422
37.1419
37.1418
37.1421
37.1428
37.1439
37.1452
37.1474
37.1501
37.1528
37.1556
37.1583
37.1612
37.1643
37.1673
37.1704
37.1733
37.1762
37.1788
37.1812
37.1832
37.1847
37.1859
37.1869
37.1877
37.1884
37.189
37.19
37.1909
37.1916
37.1927
37.194
37.1951
37.1963
37.1981
37.1998
37.2012
37.2024
37.2037
37.2048
37.2057
37.2063
37.2066
37.2063
37.2057
37.2051
37.2041
37.2029
37.2017
37.2007
37.1996
37.1983
37.1967
37.1946
37.1927
37.1911
37.1894
37.1877
37.1863
37.1848
37.1831
37.1819
37.1806
37.1796
37.1791
37.1785
37.178
37.1781
37.1782
37.1787
37.1795
37.1803
37.1816
37.1831
37.1845
37.1863
37.1882
37.1901
37.1922
37.1941
37.1962
37.1986
37.2007
37.2028
37.2048
37.2063
37.2077
37.2091
37.2098
37.2103
37.2112
37.2116
37.2121
37.2124
37.2124
37.2121
37.2113
37.2104
37.2093
37.2079
37.206
37.2041
37.2015
37.1989
37.1962
37.1935
37.1915
37.1895
37.1878
37.1866
37.1849
37.1837
37.1828
37.182
37.1815
37.181
37.1809
37.1806
37.1804
37.1808
37.1813
37.1824
37.1835
37.1851
37.1867
37.1887
37.191
37.1931
37.1957
37.1979
37.2002
37.2022
37.2043
37.2061
37.2082
37.2102
37.2125
37.2148
37.2169
37.2184
37.2192
37.22
37.2203
37.2208
37.2208
37.2206
37.2206
37.2205
37.2202
37.2195
37.2188
37.2182
37.2173
37.2164
37.2158
37.2147
37.2133
37.2121
37.2106
37.2092
37.2082
37.2075
37.2067
37.206
37.2049
37.2046
37.204
37.2037
37.2031
37.2031
37.2032
37.2038
37.2048
37.2065
37.2082
37.2103
37.2117
37.2134
37.2144
37.2156
37.2159
37.2154
37.214
37.2121
37.2095
37.206
37.2021
37.1977
37.1931
37.1882
37.183
37.1778
37.1727
37.1678
37.1632
37.159
37.1554
37.1524
37.1504
37.1495
37.1488
37.1498
37.1514
37.1543
37.1577
37.1622
37.1676
37.1733
37.1798
37.1862
37.1933
37.1997
37.2059
37.2116
37.2168
37.2209
37.2241
37.2266
37.2276
37.2281
37.2276
37.2271
37.2255
37.2241
37.222
37.2202
37.2183
37.2171
37.2161
37.2154
37.2148
37.2147
37.2153
37.2161
37.2174
37.2188
37.221
37.2236
37.2265
37.2297
37.2333
37.237
37.2407
37.2442
37.2474
37.2491
37.2503
37.2507
37.251
37.2506
37.2496
37.2479
37.2462
37.2438
37.2411
37.2385
37.2351
37.232
37.2281
37.2243
37.2202
37.2166
37.2132
37.2104
37.2083
37.2065
37.2057
37.2055
37.2063
37.2078
37.2097
37.2125
37.2161
37.2197
37.2238
37.2282
37.2333
37.2387
37.2444
37.2503
37.2563
37.2613
37.2661
37.2697
37.2727
37.275
37.2768
37.2783
37.2789
37.2794
37.2793
37.2793
37.2793
37.2792
37.2795
37.2799
37.281
37.2827
37.2841
37.2861
37.2878
37.2899
37.292
37.294
37.2959
37.2973
37.2985
37.2994
37.2996
37.2999
37.2994
37.2992
37.2986
37.2978
37.2968
37.2956
37.2945
37.2928
37.2917
37.2904
37.2892
37.2885
37.288
37.2874
37.2872
37.2875
37.2882
37.2887
37.2897
37.2915
37.2936
37.2968
37.3005
37.305
37.3101
37.3162
37.3224
37.3296
37.3375
37.3455
37.3537
37.3616
37.3692
37.3767
37.3835
37.3902
37.3963
37.4015
37.4063
37.4103
37.4141
37.4174
37.4207
37.4241
37.4273
37.4303
37.4333
37.4363
37.4399
37.4436
37.4478
37.4522
37.4566
37.4614
37.4666
37.4717
37.477
37.4822
37.4877
37.4926
37.4971
37.5018
37.5062
37.5106
37.515
37.5194
37.5237
37.5276
37.5313
37.5348
37.5376
37.5406
37.5434
37.5462
37.549
37.5518
37.5549
37.5585
37.5623
37.5668
37.5719
37.5778
37.5845
37.5919
37.6002
37.6094
37.6192
37.6296
37.6405
37.6517
37.6628
37.6739
37.6847
37.6953
37.7055
37.7152
37.7246
37.7334
37.7416
37.7492
37.7558
37.7621
37.7677
37.7732
37.7783
37.7832
37.7882
37.7932
37.7987
37.8048
37.811
37.8177
37.8241
37.8314
37.8389
37.8461
37.8533
37.8602
37.8674
37.875
37.8825
37.8908
37.8988
37.9074
37.9165
37.925
37.9332
37.9412
37.9492
37.9573
37.965
37.9724
37.9795
37.9872
37.995
38.0026
38.0109
38.0199
38.0298
38.0404
38.0518
38.0642
38.0784
38.0931
38.1085
38.1244
38.1403
38.1569
38.1738
38.1901
38.2063
38.2219
38.237
38.2515
38.2647
38.2774
38.2891
38.3003
38.3105
38.32
38.3286
38.3372
38.3449
38.3531
38.3613
38.3693
38.3784
38.3883
38.3986
38.4098
38.4217
38.4349
38.4492
38.4634
38.478
38.4929
38.5082
38.5235
38.5391
38.5543
38.5695
38.5844
38.5992
38.6135
38.6276
38.6406
38.6536
38.666
38.6781
38.6894
38.7009
38.712
38.7229
38.734
38.7444
38.755
38.7651
38.7758
38.786
38.7973
38.8085
38.8203
38.8322
38.8449
38.8575
38.8707
38.8839
38.8972
38.9105
38.9239
38.9375
38.9512
38.9644
38.9775
38.9895
39.0013
39.0128
39.024
39.0346
39.045
39.055
39.0646
39.0736
39.0823
39.0908
39.0987
39.1069
39.1137
39.1204
39.1265
39.1316
39.1364
39.1408
39.1448
39.1488
39.1525
39.1566
39.1604
39.1644
39.1685
39.1729
39.1771
39.1815
39.1855
39.1895
39.1935
39.1974
39.2015
39.2053
39.2091
39.213
39.2161
39.2192
39.2226
39.2262
39.2305
39.2345
39.2391
39.2426
39.247
39.2508
39.2547
39.258
39.2615
39.2647
39.2683
39.2716
39.275
39.2779
39.2811
39.2833
39.2859
39.2877
39.2894
39.2902
39.2911
39.2916
39.2917
39.291
39.2896
39.2882
39.2867
39.2856
39.2849
39.2841
39.2829
39.2815
39.2797
39.2776
39.2751
39.2722
39.2682
39.2634
39.2577
39.2513
39.2448
39.2377
39.2302
39.2223
39.2144
39.2062
39.1979
39.1894
39.1809
39.1723
39.1631
39.1536
39.1436
39.1333
39.1227
39.1116
39.1006
39.0892
39.0776
39.0658
39.0538
39.0414
39.0287
39.0156
39.0021
38.9881
38.974
38.9593
38.9443
38.9288
38.913
38.8968
38.8805
38.8639
38.8469
38.8294
38.8115
38.7934
38.7745
38.7557
38.7366
38.7173
38.6976
38.678
38.6581
38.6381
38.6179
38.598
38.5782
38.5582
38.5378
38.5175
38.4972
38.4771
38.457
38.4369
38.4165
38.3961
38.3753
38.3542
38.3326
38.3105
38.2881
38.265
38.2414
38.2173
38.1927
38.1671
38.1404
38.1127
38.0845
38.0554
38.0256
37.9951
37.964
37.9326
37.9011
37.8692
37.8371
37.8049
37.7724
37.7394
37.706
37.6717
37.6372
37.6031
37.5691
37.5354
37.5009
37.4663
37.4314
37.3966
37.3617
37.3261
37.2909
37.2554
37.2196
37.1838
37.1477
37.1116
37.0755
37.0396
37.0033
36.9669
36.9303
36.8933
36.8559
36.8185
36.7806
36.7419
36.7028
36.6638
36.6249
36.5855
36.5459
36.5059
36.4653
36.425
36.3847
36.3443
36.3035
36.2629
36.2223
36.1817
36.1411
36.1004
36.0593
36.0179
35.9764
35.9342
35.8914
35.8485
35.8051
35.7611
35.7171
35.673
35.6289
35.5848
35.5403
35.4952
35.4496
35.403
35.3554
35.3071
35.258
35.2084
35.1585
35.1083
35.0577
35.0067
34.9557
34.9043
34.8527
34.8002
34.7476
34.6945
34.6407
34.5867
34.5326
34.4786
34.4244
34.3701
34.3156
34.2605
34.2055
34.1498
34.0941
34.0377
33.9807
33.9232
33.866
33.8086
33.7512
33.6938
33.6361
33.5776
33.5192
33.4597
33.3998
33.3384
33.2763
33.2128
33.1488
33.0833
33.0172
32.9493
32.8805
32.8099
32.7375
32.6635
32.5888
32.5133
32.4369
32.3599
32.2824
32.2036
32.1251
32.0461
31.9671
31.8876
31.8079
31.7287
31.649
31.5696
31.4904
31.4117
31.3325
31.2537
31.175
31.0959
31.0172
30.9377
30.8582
30.7778
30.6968
30.6152
30.5316
30.4465
30.3602
30.2712
30.1807
30.0883
29.9938
29.8972
29.7987
29.6978
29.5951
29.4911
29.3856
29.2784
29.1697
29.0595
28.9477
28.8352
28.7222
28.6083
28.4945
28.3804
28.2664
28.1531
28.04
27.927
27.8139
27.7006
27.5869
27.4739
27.3606
27.247
27.1333
27.019
26.904
26.7883
26.6724
26.5557
26.4385
26.3216
26.2037
26.0854
25.9668
25.8475
25.7279
25.608
25.4875
25.3668
25.2457
25.1242
25.0024
24.8797
24.7567
24.6326
24.5076
24.3819
24.2549
24.1268
23.9977
23.8672
23.7365
23.6046
23.4721
23.3383
23.2039
23.0684
22.9324
22.7952
22.6578
22.5193
22.3801
22.2408
22.1002
21.9594
21.8179
21.6756
21.5328
21.3887
21.2446
21.0994
20.9541
20.8085
20.6635
20.5185
20.374
20.2297
20.0861
19.9423
19.7993
19.6558
19.5129
19.3701
19.2282
19.0862
18.9446
18.8035
18.6623
18.5208
18.3798
18.2382
18.0971
17.9562
17.8151
17.6746
17.5346
17.3953
17.2556
17.1164
16.9775
16.8384
16.7004
16.5624
16.4253
16.2887
16.1525
16.017
15.8823
15.7475
15.613
15.4785
15.3436
15.2082
15.0726
14.9364
14.8004
14.6636
14.5264
14.3888
14.2514
14.114
13.9766
13.84
13.7032
13.5663
13.4287
13.292
13.1556
13.0194
12.8839
12.7491
12.6146
12.4808
12.3488
12.2174
12.0872
11.9579
11.8296
11.7025
11.5765
11.4523
11.3293
11.2076
11.0872
10.9671
10.8484
10.7301
10.6132
10.4966
10.3806
10.2644
10.1486
10.0329
9.91764
9.80279
9.68873
9.57527
9.46255
9.35092
9.2395
9.12949
9.02044
8.91273
8.80619
8.70076
8.59666
8.49392
8.39253
8.29278
8.19413
8.09697
7.99983
7.90381
7.80856
7.71407
7.62005
7.52663
7.4333
7.34053
7.24813
7.15629
7.06483
6.97387
6.88398
6.79552
6.70785
6.62066
6.5348
6.44972
6.36616
6.28384
6.20223
6.12149
6.04148
5.96229
5.88318
5.80471
5.7265
5.64859
5.57118
5.49413
5.41799
5.34266
5.26785
5.19362
5.12065
5.04885
4.97847
4.90899
4.84135
4.77487
4.71002
4.64681
4.58496
4.52445
4.46504
4.4069
4.34974
4.29345
4.23809
4.18383
4.1306
4.07783
4.02599
3.97442
3.92333
3.87308
3.82354
3.77465
3.72652
3.67887
3.63207
3.58626
3.5413
3.49703
3.4534
3.41043
3.36822
3.32658
3.28558
3.24539
3.20576
3.16658
3.12777
3.08948
3.05167
3.01429
2.97783
2.94184
2.90649
2.87165
2.83727
2.80354
2.77041
2.73783
2.70595
2.67455
2.64375
2.61348
2.58401
2.55501
2.5265
2.49809
2.47032
2.44298
2.41631
2.39027
2.36462
2.3395
2.31488
2.29065
2.2669
2.24366
2.2211
2.19907
2.17744
2.15614
2.1352
2.11498
2.09542
2.07623
2.05736
2.03887
2.02064
2.00295
1.98564
1.96859
1.95206
1.93583
1.92008
1.90462
1.88959
1.87497
1.86065
1.84661
1.83298
1.81982
1.80728
1.79518
1.78369
1.77274
1.76215
1.75215
1.7426
1.7333
1.7248
1.7166
1.70898
1.70167
1.69497
1.68868
1.68299
1.67764
1.67294
1.66848
1.66447
1.6605
1.6566
1.65284
1.64907
1.64528
1.6415
1.63765
1.63392
1.62988
1.62584
1.62153
1.61713
1.61261
1.60808
1.60345
1.59883
1.59412
1.5898
1.58564
1.582
1.57834
1.57475
1.57118
1.56768
1.5643
1.56101
1.55769
1.55424
1.55094
1.54761
1.54421
1.54066
1.53725
1.53402
1.53137
1.52886
1.52659
1.52461
1.52312
1.52198
1.52087
1.52004
1.51877
1.51738
1.51569
1.51385
1.51183
1.50979
1.50755
1.50529
1.50299
1.50106
1.49892
1.49739
1.49603
1.49521
1.49486
1.49481
1.49509
1.49571
1.49647
1.4972
1.49783
1.49869
1.49963
1.50087
1.50235
1.50416
1.50579
1.50757
1.50893
1.51037
1.51122
1.51179
1.51174
1.51166
1.51107
1.51034
1.50945
1.50867
1.50778
1.50718
1.50658
1.50608
1.50536
1.50475
1.50395
1.50327
1.50214
1.50068
1.49918
1.49783
1.49629
1.49521
1.49432
1.49402
1.49396
1.49332
1.49325
1.49283
1.49205
1.49157
1.49109
1.49006
1.48969
1.48942
1.48923
1.4895
1.49006
1.48984
1.48989
1.48968
1.48895
1.48822
1.4874
1.48565
1.48433
1.48301
1.48168
1.48087
1.4804
1.47955
1.4791
1.47865
1.47728
1.47619
1.47518
1.47369
1.47265
1.47194
1.4709
1.4703
1.46945
1.46926
1.46886
1.46928
1.4693
1.47011
1.47107
1.47289
1.47446
1.47655
1.47847
1.48044
1.48166
1.48317
1.48434
1.48607
1.48746
1.48923
1.49032
1.49179
1.49259
1.49342
1.49374
1.49428
1.49452
1.49564
1.49655
1.49794
1.49919
1.50046
1.50126
1.50231
1.50264
1.50335
1.50353
1.50422
1.50464
1.50508
1.50511
1.50513
1.50479
1.50447
1.50389
1.50353
1.50298
1.50245
1.50131
1.49999
1.49824
1.49645
1.49428
1.4924
1.49089
1.48992
1.48894
1.48849
1.48772
1.48735
1.48684
1.48675
1.48703
1.48807
1.4895
1.49137
1.49358
1.49601
1.49825
1.50086
1.50317
1.50562
1.50743
1.50928
1.51018
1.51103
1.51148
1.51226
1.51265
1.51359
1.51451
1.51595
1.51702
1.51861
1.52023
1.52278
1.52533
1.52874
1.53194
1.53538
1.53821
1.54115
1.54378
1.54656
1.549
1.55147
1.55317
1.55441
1.55478
1.55504
1.55475
1.55412
1.55312
1.55203
1.55061
1.54967
1.54877
1.54896
1.54913
1.55019
1.55127
1.5527
1.55387
1.55582
1.5578
1.56034
1.56296
1.56583
1.56839
1.57132
1.57399
1.5767
1.57867
1.58039
1.58125
1.58192
1.58204
1.58261
1.58293
1.58366
1.58411
1.58469
1.58463
1.5848
1.58445
1.58427
1.5833
1.58248
1.58135
1.58066
1.58004
1.58041
1.58052
1.58098
1.58075
1.57995
1.57852
1.57713
1.57558
1.57488
1.57432
1.57455
1.57481
1.57601
1.57719
1.57916
1.58096
1.58281
1.58415
1.58595
1.58819
1.59113
1.59374
1.59643
1.59867
1.60066
1.60211
1.6035
1.60443
1.60538
1.60602
1.60705
1.60791
1.60921
1.60999
1.6105
1.60993
1.60956
1.60858
1.6085
1.60827
1.60859
1.60823
1.60804
1.60701
1.60627
1.60493
1.60419
1.60313
1.60281
1.60275
1.604
1.60523
1.60721
1.6083
1.6091
1.60864
1.6082
1.60708
1.60653
1.6058
1.60533
1.60418
1.60327
1.60137
1.59997
1.59804
1.59693
1.59585
1.5959
1.59589
1.59627
1.59594
1.59581
1.59481
1.59418
1.59275
1.59196
1.59066
1.59001
1.58859
1.58794
1.58611
1.58451
1.58211
1.58053
1.57893
1.57868
1.5787
1.57974
1.57993
1.58048
1.58026
1.58076
1.58087
1.58105
1.58074
1.58063
1.57979
1.57949
1.57833
1.5771
1.575
1.57324
1.57115
1.57008
1.56913
1.56874
1.56746
1.56629
1.56424
1.56265
1.56067
1.55926
1.55737
1.55582
1.55396
1.55275
1.55072
1.54904
1.54664
1.54458
1.54223
1.54101
1.53982
1.53943
1.53831
1.53785
1.53726
1.53774
1.53797
1.53853
1.53889
1.53961
1.54044
1.54171
1.54268
1.54354
1.54358
1.54385
1.54396
1.54455
1.54488
1.54514
1.54485
1.54442
1.54376
1.54315
1.54241
1.54166
1.54039
1.53897
1.53697
1.53544
1.53376
1.53218
1.53028
1.52865
1.52696
1.52611
1.52517
1.52492
1.52451
1.52438
1.52384
1.52373
1.52309
1.52244
1.52093
1.51947
1.51743
1.51547
1.51327
1.51138
1.5094
1.50749
1.50545
1.50381
1.50285
1.50275
1.50259
1.50294
1.50305
1.50377
1.50422
1.50528
1.50584
1.50693
1.50773
1.50914
1.51021
1.51154
1.51232
1.51323
1.51344
1.51405
1.51439
1.5151
1.5157
1.51664
1.5173
1.51858
1.51967
1.52086
1.52144
1.52181
1.52163
1.52173
1.52191
1.52262
1.523
1.52309
1.52274
1.5225
1.52191
1.52207
1.52191
1.52198
1.52132
1.52108
1.52056
1.52081
1.52076
1.5212
1.52116
1.52163
1.52153
1.52194
1.52185
1.52225
1.52215
1.52231
1.52194
1.52155
1.52062
1.52037
1.51991
1.51989
1.51932
1.51932
1.51928
1.52043
1.52175
1.5238
1.52555
1.52789
1.53004
1.53284
1.53528
1.53821
1.54066
1.54343
1.54551
1.54814
1.55005
1.55239
1.55438
1.55603
1.55702
1.55803
1.55852
1.55954
1.56003
1.56106
1.56139
1.56209
1.56204
1.56236
1.56234
1.56274
1.56252
1.56261
1.56197
1.56168
1.56085
1.56059
1.56
1.55994
1.55952
1.55917
1.55854
1.55855
1.55857
1.55947
1.56003
1.56102
1.56122
1.56134
1.56083
1.56052
1.55976
1.55977
1.55929
1.55921
1.559
1.55878
1.55805
1.55768
1.55716
1.55757
1.55809
1.55967
1.5611
1.56323
1.56504
1.56737
1.56953
1.57203
1.5737
1.57532
1.5764
1.57764
1.57849
1.57956
1.58032
1.58126
1.58177
1.58237
1.58194
1.58134
1.57994
1.57863
1.57677
1.57593
1.57516
1.57403
1.57339
1.57293
1.5717
1.571
1.57029
1.56904
1.56862
1.5685
1.56811
1.56824
1.56855
1.56839
1.56882
1.5696
1.57024
1.57185
1.57357
1.57472
1.57624
1.57754
1.57765
1.57757
1.57696
1.57525
1.57341
1.57147
1.56912
1.56751
1.56619
1.5648
1.56399
1.56326
1.56229
1.5619
1.56177
1.56118
1.56135
1.56153
1.56121
1.5611
1.56069
1.5593
1.55815
1.55696
1.55533
1.5542
1.55357
1.55288
1.55298
1.55317
1.553
1.55317
1.55295
1.55201
1.55103
1.54994
1.54821
1.54666
1.54488
1.54273
1.5409
1.539
1.5369
1.5353
1.5339
1.5324
1.53147
1.53093
1.53043
1.53075
1.53169
1.5328
1.53474
1.53731
1.54038
1.54242
1.54442
1.54656
1.54848
1.54933
1.5505
1.55173
1.55318
1.55363
1.55464
1.55568
1.55657
1.55652
1.55673
1.55705
1.55711
1.55607
1.55496
1.55393
1.55299
1.55114
1.5494
1.548
1.54712
1.54575
1.54456
1.54399
1.54353
1.54266
1.54205
1.54169
1.54135
1.54024
1.53948
1.53897
1.5389
1.53878
1.53783
1.53687
1.53617
1.53595
1.53589
1.53505
1.53441
1.53402
1.53399
1.53403
1.53304
1.53185
1.53085
1.52987
1.52879
1.52682
1.5249
1.52324
1.52189
1.52056
1.51874
1.51716
1.51604
1.51523
1.5148
1.51447
1.51315
1.51204
1.51112
1.51031
1.5097
1.50899
1.50731
1.50566
1.50404
1.5028
1.50182
1.50063
1.49875
1.49667
1.49474
1.4933
1.49209
1.49132
1.49016
1.48811
1.48597
1.48415
1.48258
1.48154
1.48093
1.48069
1.47985
1.4796
1.47961
1.4802
1.48124
1.48266
1.48436
1.48584
1.48643
1.48742
1.48837
1.48955
1.49088
1.49231
1.49382
1.49518
1.49585
1.49656
1.49721
1.49801
1.49881
1.49972
1.50066
1.50157
1.50203
1.50165
1.50137
1.50098
1.50091
1.50105
1.5015
1.50213
1.50293
1.50377
1.50461
1.5052
1.50461
1.50381
1.50297
1.50218
1.50143
1.50073
1.50016
1.49968
1.49928
1.49873
1.4982
1.49765
1.49678
1.49479
1.49266
1.49064
1.48892
1.48756
1.48654
1.48584
1.48533
1.48495
1.48467
1.48447
1.48411
1.48377
1.48341
1.48304
1.48242
1.48087
1.47929
1.47776
1.47649
1.47566
1.47522
1.47513
1.47529
1.47559
1.47603
1.47651
1.47701
1.47749
1.47795
1.47835
1.47872
1.47903
1.47931
1.47954
1.47973
1.47985
1.47947
1.4783
1.4773
1.4765
1.47603
1.476
1.47624
1.47675
1.47743
1.47819
1.47896
1.47972
1.4804
1.48103
1.48158
1.48205
1.48245
1.48277
1.48304
1.48325
1.48343
1.48358
1.48367
1.48374
1.48379
1.48381
1.4838
1.48379
1.48377
1.48375
1.48373
1.48371
1.4837
1.48366
1.48373
1.48403
1.48439
1.4848
1.48521
1.48562
1.486
1.48635
1.48667
1.48673
1.48695
1.48712
1.4873
1.48747
1.48763
1.48777
1.4879
1.4878
1.48677
1.48602
1.48558
1.4853
1.48535
1.48547
1.4858
1.48614
1.48651
1.48687
1.48721
1.4875
1.48776
1.48798
1.48817
1.48834
1.48845
1.48865
1.48884
1.48903
1.4892
1.48935
1.48948
1.4896
1.4897
1.48978
1.48986
1.48992
1.48997
1.49002
1.49006
1.49007
1.49007
1.49006
1.49004
1.49002
1.49001
1.48999
1.48997
1.48996
1.48995
1.48994
1.48994
1.48994
1.48994
1.48995
1.48996
1.48996
1.48995
1.48994
1.48991
1.48989
1.48987
1.48985
1.48983
1.48981
1.4898
1.48978
1.48977
1.48976
1.48973
1.4897
1.48966
1.48962
1.48958
1.48954
1.48951
1.48948
1.48946
1.48944
1.48942
1.48941
1.48939
1.48938
1.48937
1.48937
1.48936
1.48936
1.48936
1.48935
1.48935
1.48946
1.48958
1.48973
1.48988
1.49003
1.49017
1.49029
1.49041
1.49051
1.49061
1.49069
1.49075
1.49081
1.49087
1.49091
1.49095
1.49098
1.49101
1.49103
1.49105
1.49107
1.49108
1.49109
1.4911
1.49111
1.49112
1.49112
1.49113
1.49113
1.49114
1.49114
1.49114
1.49114
1.49114
1.49115
1.49115
1.49112
1.49109
1.49106
1.49113
1.49122
1.49133
1.49126
1.49116
1.49102
1.49087
1.49071
1.49056
1.49052
1.49051
1.49054
1.49058
1.49044
1.49039
1.49031
1.49026
1.49021
1.49026
1.49013
1.49012
1.4901
1.4902
1.49033
1.49041
1.49059
1.49097
1.49151
1.49203
1.49278
1.49361
1.4944
1.49535
1.49635
1.49736
1.49844
1.49946
1.50052
1.50138
1.50219
1.50306
1.50377
1.5046
1.50537
1.50618
1.50704
1.50787
1.50878
1.50965
1.51039
1.51115
1.51177
1.51242
1.51321
1.51398
1.51495
1.516
1.51696
1.51775
1.51833
1.51878
1.51912
1.51955
1.51986
1.52013
1.52022
1.52034
1.52028
1.52035
1.52047
1.52062
1.52093
1.52134
1.52206
1.52269
1.52363
1.52472
1.52582
1.52697
1.528
1.52882
1.52929
1.52946
1.52926
1.52846
1.52707
1.52515
1.52288
1.52051
1.51826
1.51614
1.51469
1.51368
1.51307
1.51278
1.51276
1.51296
1.51291
1.51254
1.51208
1.5114
1.51048
1.5094
1.50835
1.50728
1.50618
1.50527
1.50409
1.50298
1.50204
1.50139
1.50128
1.50147
1.50196
1.50249
1.50284
1.50283
1.50248
1.502
1.50152
1.50131
1.50121
1.50127
1.50102
1.50065
1.49995
1.49894
1.49791
1.49675
1.49548
1.49395
1.49237
1.49052
1.48877
1.48707
1.48537
1.48359
1.48141
1.47908
1.47686
1.47501
1.47338
1.47196
1.47024
1.46814
1.46627
1.46428
1.4623
1.4598
1.45737
1.45488
1.45263
1.45046
1.44794
1.44528
1.44277
1.44093
1.43961
1.4384
1.43774
1.43783
1.43825
1.43876
1.43927
1.44004
1.4408
1.44129
1.44142
1.44217
1.44306
1.44377
1.44413
1.44425
1.44408
1.44346
1.44273
1.44187
1.44086
1.43932
1.43782
1.43623
1.43429
1.43187
1.42951
1.42712
1.42452
1.42211
1.42013
1.41808
1.41591
1.41434
1.41306
1.41195
1.41097
1.41007
1.40904
1.40876
1.40791
1.40705
1.40623
1.40521
1.4044
1.40379
1.40304
1.40245
1.40149
1.40017
1.39851
1.39696
1.39509
1.39305
1.39079
1.38856
1.38644
1.38442
1.38207
1.37966
1.37714
1.37427
1.37175
1.36936
1.36738
1.36536
1.3633
1.36169
1.3601
1.35864
1.3566
1.35452
1.3522
1.34944
1.34641
1.34253
1.33824
1.33368
1.32889
1.32419
1.31894
1.31382
1.30892
1.30356
1.29911
1.29407
1.28981
1.28549
1.282
1.27845
1.27558
1.27286
1.27028
1.26744
1.2651
1.26278
1.26067
1.2585
1.25653
1.25445
1.25199
1.24899
1.24608
1.24283
1.23968
1.23614
1.23294
1.2298
1.2272
1.22433
1.22157
1.21834
1.2156
1.21273
1.21009
1.20742
1.20472
1.20222
1.19975
1.1975
1.19511
1.19299
1.19067
1.18776
1.18502
1.18179
1.17847
1.17489
1.17147
1.16797
1.16405
1.16041
1.15672
1.15322
1.14913
1.14477
1.14041
1.13571
1.13093
1.1256
1.12041
1.11551
1.11096
1.10656
1.1021
1.09759
1.09327
1.08877
1.08476
1.08058
1.07644
1.07267
1.06916
1.06563
1.06274
1.06006
1.05738
1.05544
1.05294
1.0504
1.04815
1.04582
1.04361
1.042
1.0404
1.0397
1.03989
1.04065
1.04239
1.04471
1.04709
1.04954
1.05217
1.05476
1.05653
1.05816
1.05987
1.06101
1.0619
1.06289
1.06388
1.0644
1.0644
1.06435
1.0636
1.06203
1.05989
1.05705
1.05333
1.04901
1.04416
1.03822
1.03109
1.02334
1.0151
1.0057
0.995946
0.985875
0.97547
0.964528
0.953438
0.942504
0.931505
0.920574
0.91076
0.901289
0.892445
0.884228
0.876942
0.870841
0.865644
0.861138
0.857096
0.853915
0.851688
0.849826
0.848368
0.847318
0.846312
0.845482
0.844709
0.843453
0.842193
0.840319
0.838576
0.83665
0.834224
0.831872
0.829449
0.827158
0.825241
0.823106
0.821188
0.819652
0.818582
0.817709
0.816739
0.815237
0.813983
0.812655
0.810434
0.807595
0.803612
0.799023
0.79366
0.787758
0.780865
0.773306
0.76523
0.757592
0.750103
0.742588
0.734791
0.727123
0.719488
0.711832
0.704703
0.698608
0.692851
0.687342
0.682162
0.677175
0.672892
0.668435
0.664307
0.659469
0.654632
0.64966
0.644438
0.639062
0.63311
0.626503
0.619402
0.61243
0.605453
0.598822
0.592683
0.586605
0.580317
0.574118
0.567813
0.561598
0.555578
0.549569
0.542863
0.53613
0.529195
0.522062
0.51465
0.506569
0.497891
0.488907
0.479899
0.471372
0.463041
0.455404
0.448483
0.44183
0.436106
0.43102
0.426864
0.424155
0.422436
0.420862
0.419918
0.418986
0.417844
0.416781
0.415529
0.413955
0.41195
0.409534
0.406288
0.402168
0.396821
0.39103
0.385019
0.378262
0.371281
0.363944
0.356386
0.348803
0.341323
0.33398
0.326314
0.318247
0.309609
0.300829
0.292116
0.283176
0.274267
0.26476
0.255159
0.245272
0.235987
0.226751
0.217487
0.208084
0.199039
0.190229
0.182147
0.175018
0.16848
0.16238
0.156962
0.151837
0.14709
0.142964
0.139542
0.136721
0.134066
0.131385
0.128689
0.125625
0.122868
0.120437
0.118001
0.116115
0.114554
0.113277
0.112357
0.111415
0.110266
0.108721
0.107133
0.105222
0.102456
0.0985639
0.0932321
0.0867029
0.0787264
0.0696692
0.0588995
0.046776
0.033597
0.02016
0.00649059
-0.0077611
-0.0221293
-0.0361692
-0.0500406
-0.0635721
-0.0766492
-0.0889027
-0.100039
-0.109866
-0.118692
-0.12695
-0.134042
-0.140374
-0.145686
-0.150419
-0.155235
-0.159642
-0.163654
-0.167477
-0.171411
-0.175693
-0.180023
-0.184765
-0.190292
-0.196172
-0.202411
-0.20875
-0.215985
-0.223535
-0.230519
-0.237458
-0.244461
-0.251134
-0.257465
-0.263401
-0.269091
-0.274467
-0.279219
-0.28347
-0.288
-0.292586
-0.297091
-0.302165
-0.30739
-0.312645
-0.318298
-0.324588
-0.330609
-0.336892
-0.343867
-0.351044
-0.358306
-0.365919
-0.37342
-0.380866
-0.388352
-0.396035
-0.403039
-0.409965
-0.416586
-0.42262
-0.427906
-0.433388
-0.439134
-0.444528
-0.44976
-0.455072
-0.460575
-0.466112
-0.471603
-0.476901
-0.48265
-0.488573
-0.494421
-0.501149
-0.508151
-0.515074
-0.522694
-0.530268
-0.537632
-0.545276
-0.552499
-0.55995
-0.567507
-0.574413
-0.581261
-0.588073
-0.594727
-0.601781
-0.608505
-0.615293
-0.622152
-0.629106
-0.636488
-0.643829
-0.651839
-0.659699
-0.668439
-0.677029
-0.685892
-0.694992
-0.703966
-0.712955
-0.720941
-0.728964
-0.736048
-0.743054
-0.749706
-0.755896
-0.762024
-0.767264
-0.77255
-0.777038
-0.781406
-0.785032
-0.788241
-0.791297
-0.794353
-0.797078
-0.799196
-0.80138
-0.803052
-0.804947
-0.806217
-0.80814
-0.809828
-0.811796
-0.813444
-0.815722
-0.817922
-0.820717
-0.823945
-0.827923
-0.83151
-0.835627
-0.839674
-0.844203
-0.848561
-0.853225
-0.857981
-0.863042
-0.86825
-0.873298
-0.879348
-0.884878
-0.890474
-0.895495
-0.900368
-0.904728
-0.90939
-0.913766
-0.918108
-0.922704
-0.926557
-0.930315
-0.933399
-0.936581
-0.939574
-0.94275
-0.946159
-0.949461
-0.953282
-0.956851
-0.960702
-0.965203
-0.969641
-0.974581
-0.980213
-0.985787
-0.99194
-0.99829
-1.00474
-1.01181
-1.01883
-1.02554
-1.03211
-1.03789
-1.04334
-1.04841
-1.05293
-1.05738
-1.06146
-1.06451
-1.06802
-1.07148
-1.07456
-1.07765
-1.08019
-1.08243
-1.08466
-1.08701
-1.08914
-1.09159
-1.09405
-1.09623
-1.09856
-1.10098
-1.10311
-1.10511
-1.10723
-1.10936
-1.11118
-1.11329
-1.11534
-1.11688
-1.11807
-1.11909
-1.11972
-1.12016
-1.12075
-1.12128
-1.12153
-1.12176
-1.12246
-1.12311
-1.12343
-1.12373
-1.12429
-1.12494
-1.12548
-1.12593
-1.12665
-1.12731
-1.12806
-1.12859
-1.12919
-1.13044
-1.13149
-1.1321
-1.1324
-1.13249
-1.13257
-1.13285
-1.13287
-1.13274
-1.13311
-1.13347
-1.13371
-1.13372
-1.13406
-1.13449
-1.13532
-1.13619
-1.13692
-1.13726
-1.1372
-1.13727
-1.1374
-1.13795
-1.13841
-1.13861
-1.13876
-1.13912
-1.13967
-1.14038
-1.14084
-1.14127
-1.14206
-1.14305
-1.14445
-1.1461
-1.14785
-1.14884
-1.14927
-1.14918
-1.14901
-1.14889
-1.14871
-1.14841
-1.14772
-1.14724
-1.14688
-1.14629
-1.14611
-1.14626
-1.14675
-1.14756
-1.14878
-1.15025
-1.15214
-1.15454
-1.15747
-1.16094
-1.1647
-1.16842
-1.17213
-1.17573
-1.17891
-1.18163
-1.18355
-1.18435
-1.18428
-1.18329
-1.18174
-1.17973
-1.17769
-1.17564
-1.17371
-1.17203
-1.17053
-1.16904
-1.168
-1.16743
-1.16717
-1.16745
-1.16817
-1.16922
-1.17061
-1.17225
-1.17394
-1.17586
-1.17799
-1.18008
-1.18201
-1.18397
-1.18592
-1.18766
-1.18939
-1.19089
-1.19224
-1.19333
-1.19433
-1.1956
-1.19713
-1.19868
-1.20034
-1.20204
-1.20367
-1.20513
-1.20635
-1.2073
-1.20796
-1.20857
-1.20885
-1.20907
-1.2092
-1.20898
-1.20858
-1.20779
-1.2068
-1.20553
-1.20426
-1.20268
-1.2009
-1.19891
-1.19695
-1.19499
-1.19314
-1.19122
-1.18934
-1.18744
-1.18547
-1.18347
-1.1817
-1.17996
-1.17832
-1.17689
-1.17583
-1.17489
-1.17417
-1.17347
-1.17297
-1.17258
-1.17221
-1.17202
-1.17189
-1.17187
-1.172
-1.172
-1.17213
-1.17228
-1.17245
-1.17276
-1.17307
-1.17329
-1.17338
-1.17344
-1.17353
-1.1735
-1.17348
-1.17344
-1.17328
-1.17311
-1.17282
-1.17251
-1.1721
-1.17167
-1.17133
-1.17103
-1.17076
-1.17054
-1.17035
-1.17023
-1.17012
-1.16993
-1.16994
-1.16996
-1.17003
-1.17013
-1.17024
-1.17036
-1.17046
-1.17056
-1.17067
-1.17077
-1.17086
-1.17094
-1.17101
-1.17106
-1.17113
-1.1712
-1.17126
-1.17131
-1.17136
-1.1714
-1.17142
-1.17144
-1.17146
-1.17147
-1.17147
-1.17146
-1.17165
-1.17187
0
0
0
0
0
0
0
0
0
0
0
0
0
0
0
0
0
0
0
0
0
0
0
0
0
0
0
0
0
0
0
0
0
0
0
0
0
0
0
0
0
0
0
0
0
0
0
0
0
0
0
0
0
0
0
0
0
0
0
0
0
0
0
0
0
0
0
0
0
0
0
0
0
0
0
0
0
0
0
0
0
0
0
0
0
0
0
0
0
0
0
0
0
0
0
0
0
0
0
0
0
0
0
0
0
0
0
0
0
0
0
0
0
0
0
0
0
0
0
0
0
0
0
0
0
0
0
0
0
0
0
0
0
0
0
0
0
0
0
0
0
0
0
0
0
0
0
0
0
0
0
0
0
0
0
0
0
0
0
0
0
0
0
0
0
0
0
0
0
0
0
0
0
0
0
0
0
0
0
0
0
0
0
0
0
0
0
0
0
0
0
0
0
0
0
0
0
0
0
0
0
0
0
0
0
0
0
0
0
0
0
0
0
0
0
0
0
0
0
0
0
0
0
0
0
0
0
0
0
0
0
0
0
0
0
0
0
0
0
0
0
0
0
0
0
0
0
0
0
0
0
0
0
0
0
0
0
0
0
0
0
0
0
0
0
0
0
0
0
0
0
0
0
0
0
0
0
0
0
0
0
0
0
0
0
0
0
0
0
0
0
0
0
0
0
0
0
0
0
0
0
0
0
0
0
0
0
0
0
0
0
0
0
0
0
0
0
0
0
0
0
0
0
0
0
0
0
0
0
0
0
0
0
0
0
0
0
0
0
0
0
0
0
0
0
0
0
0
0
0
0
0
0
0
0
0
0
0
0
0
0
0
0
0
0
0
0
0
0
0
0
0
0
0
0
0
0
0
0
0
0
0
0
0
