-3.09863
-2.31875
-2.05822
-1.92709
-1.84798
-1.79514
-1.75752
-1.72959
-1.70826
-1.69165
-1.67853
-1.66808
-1.65969
-1.65292
-1.64745
-1.64302
-1.63942
-1.63649
-1.63411
-1.63218
-1.63061
-1.62934
-1.62831
-1.62747
-1.6268
-1.62626
-1.62582
-1.62548
-1.6252
-1.62499
-1.62482
-1.6247
-1.6246
-1.62453
-1.62449
-1.62446
-1.62444
-1.62444
-1.62444
-1.62446
-1.62448
-1.6245
-1.62453
-1.62457
-1.6246
-1.62464
-1.62468
-1.62472
-1.62476
-1.62481
-1.62478
-1.62477
-1.62477
-1.62477
-1.62478
-1.6248
-1.62482
-1.62485
-1.62487
-1.62491
-1.62422
-1.62438
-1.62453
-1.62393
-1.62417
-1.62365
-1.62324
-1.62291
-1.62264
-1.62286
-1.62305
-1.62321
-1.62335
-1.62347
-1.62357
-1.62294
-1.62282
-1.62272
-1.62265
-1.6226
-1.62302
-1.6233
-1.62281
-1.62281
-1.62266
-1.62287
-1.62334
-1.62332
-1.62369
-1.62437
-1.62574
-1.62696
-1.62878
-1.6311
-1.63309
-1.63481
-1.63705
-1.63919
-1.64151
-1.64425
-1.64712
-1.65059
-1.65358
-1.6573
-1.66098
-1.66456
-1.6688
-1.67247
-1.67598
-1.67903
-1.68274
-1.68756
-1.69293
-1.69836
-1.70423
-1.71056
-1.71713
-1.72424
-1.73149
-1.73769
-1.74415
-1.75027
-1.75627
-1.76139
-1.76663
-1.77105
-1.77496
-1.77967
-1.78425
-1.78882
-1.79346
-1.79878
-1.80485
-1.80975
-1.81463
-1.81899
-1.82322
-1.82647
-1.82886
-1.83133
-1.83407
-1.8368
-1.8394
-1.84268
-1.84519
-1.84687
-1.84759
-1.84721
-1.84631
-1.8441
-1.84266
-1.84176
-1.84146
-1.8414
-1.84181
-1.84302
-1.84375
-1.84507
-1.84802
-1.85164
-1.85481
-1.85615
-1.85658
-1.85415
-1.85059
-1.84798
-1.84523
-1.84138
-1.83904
-1.83669
-1.83292
-1.82939
-1.82481
-1.82092
-1.81927
-1.81809
-1.81735
-1.81746
-1.81783
-1.81811
-1.81998
-1.82037
-1.8204
-1.82017
-1.82063
-1.82249
-1.82374
-1.82379
-1.82241
-1.82104
-1.81941
-1.81827
-1.81687
-1.81404
-1.81233
-1.81144
-1.81007
-1.8073
-1.80458
-1.80316
-1.80371
-1.80333
-1.80143
-1.79915
-1.79751
-1.79434
-1.79122
-1.78921
-1.78808
-1.78661
-1.78442
-1.78226
-1.78196
-1.78139
-1.7799
-1.7784
-1.7775
-1.7764
-1.77475
-1.77424
-1.77443
-1.77368
-1.77284
-1.77569
-1.77779
-1.77828
-1.78
-1.78109
-1.77932
-1.77788
-1.77848
-1.77827
-1.77459
-1.77237
-1.77048
-1.76652
-1.76304
-1.76026
-1.75557
-1.75138
-1.75038
-1.74847
-1.74716
-1.74811
-1.74569
-1.74316
-1.74363
-1.74128
-1.73967
-1.7407
-1.73916
-1.73966
-1.74128
-1.7409
-1.74141
-1.74131
-1.74095
-1.74196
-1.73958
-1.7389
-1.73925
-1.73804
-1.73791
-1.73725
-1.73683
-1.73535
-1.73185
-1.72883
-1.72455
-1.71978
-1.71498
-1.70936
-1.7043
-1.69709
-1.69039
-1.68492
-1.67682
-1.67101
-1.66236
-1.65494
-1.64525
-1.63676
-1.62903
-1.62044
-1.61247
-1.60188
-1.59219
-1.58133
-1.57398
-1.56576
-1.55912
-1.55229
-1.54612
-1.54041
-1.5336
-1.52761
-1.52151
-1.51581
-1.51025
-1.50415
-1.49788
-1.49319
-1.49048
-1.48459
-1.48219
-1.47677
-1.4744
-1.46996
-1.46893
-1.46449
-1.45962
-1.45293
-1.44663
-1.43987
-1.43453
-1.42933
-1.4239
-1.4188
-1.41188
-1.40823
-1.40229
-1.39693
-1.39193
-1.38805
-1.38391
-1.3781
-1.37619
-1.37168
-1.36738
-1.364
-1.36147
-1.36192
-1.36077
-1.3619
-1.36193
-1.36137
-1.36258
-1.3614
-1.36046
-1.36065
-1.35856
-1.35812
-1.35607
-1.35456
-1.35261
-1.3484
-1.34515
-1.33753
-1.33128
-1.32423
-1.31446
-1.30638
-1.29619
-1.28751
-1.27928
-1.26916
-1.26246
-1.25743
-1.25167
-1.24897
-1.24771
-1.24506
-1.24552
-1.24776
-1.24969
-1.25362
-1.26181
-1.27081
-1.27924
-1.28699
-1.29869
-1.30889
-1.31836
-1.32577
-1.33092
-1.33499
-1.33801
-1.34292
-1.34513
-1.34656
-1.34772
-1.34753
-1.34455
-1.34134
-1.33856
-1.33291
-1.32608
-1.31961
-1.31022
-1.30017
-1.29297
-1.28524
-1.27603
-1.26729
-1.26172
-1.25588
-1.24794
-1.24005
-1.23517
-1.23011
-1.22318
-1.21604
-1.21102
-1.20335
-1.1908
-1.17819
-1.16662
-1.15445
-1.14137
-1.12844
-1.1171
-1.10676
-1.09473
-1.08292
-1.07247
-1.06411
-1.05776
-1.05008
-1.04312
-1.03726
-1.03417
-1.03167
-1.0274
-1.02359
-1.01893
-1.01711
-1.0158
-1.01441
-1.01078
-1.00878
-1.00807
-1.00903
-1.01015
-1.01075
-1.01185
-1.00999
-1.00879
-1.00965
-1.01036
-1.00921
-1.00844
-1.00788
-1.00714
-1.00472
-0.999899
-0.992916
-0.986248
-0.977423
-0.968392
-0.956868
-0.943426
-0.930136
-0.91589
-0.899923
-0.881307
-0.863005
-0.847957
-0.837463
-0.830346
-0.824054
-0.818823
-0.813855
-0.810746
-0.808392
-0.806896
-0.80557
-0.803254
-0.801026
-0.799519
-0.796683
-0.79455
-0.791856
-0.788609
-0.785031
-0.781813
-0.776754
-0.771525
-0.764078
-0.758589
-0.752117
-0.7444
-0.736397
-0.727051
-0.717541
-0.710745
-0.7033
-0.696843
-0.689222
-0.68202
-0.674277
-0.666813
-0.660442
-0.653843
-0.648404
-0.640869
-0.631906
-0.624965
-0.619315
-0.613468
-0.608301
-0.604306
-0.59953
-0.594182
-0.589667
-0.584005
-0.579369
-0.574446
-0.571624
-0.567318
-0.561519
-0.554006
-0.546418
-0.537825
-0.52988
-0.523153
-0.516767
-0.510968
-0.503227
-0.494944
-0.485962
-0.476916
-0.468814
-0.459485
-0.451002
-0.43935
-0.427443
-0.415815
-0.404095
-0.392342
-0.380633
-0.368758
-0.356243
-0.344921
-0.333748
-0.322788
-0.311637
-0.298508
-0.286407
-0.274328
-0.266626
-0.258856
-0.25199
-0.243896
-0.237069
-0.230862
-0.226799
-0.223991
-0.222597
-0.221797
-0.222366
-0.222039
-0.223017
-0.224553
-0.224648
-0.225179
-0.227992
-0.23067
-0.230647
-0.229244
-0.228522
-0.227729
-0.223775
-0.216244
-0.206097
-0.198678
-0.19004
-0.180669
-0.170188
-0.157618
-0.144879
-0.131226
-0.115718
-0.100575
-0.0843856
-0.0696722
-0.0568232
-0.0452623
-0.032323
-0.0203351
-0.0100383
-0.000496577
0.00825504
0.0186898
0.0286403
0.0403199
0.0503102
0.0607156
0.0725535
0.0846323
0.0961445
0.106026
0.116938
0.127809
0.137955
0.146433
0.15351
0.160529
0.1671
0.172413
0.176471
0.180114
0.184878
0.190603
0.194821
0.198851
0.203161
0.207088
0.211297
0.214842
0.221406
0.228612
0.234189
0.239443
0.246882
0.252744
0.259385
0.267212
0.275802
0.280052
0.284617
0.290743
0.297393
0.301619
0.306607
0.312182
0.314905
0.318612
0.324786
0.329825
0.335412
0.342646
0.350016
0.355706
0.364283
0.374832
0.383959
0.39358
0.405219
0.41631
0.428134
0.441149
0.453744
0.465307
0.478792
0.48954
0.496128
0.5025
0.506094
0.508014
0.511507
0.514649
0.517843
0.52413
0.531259
0.536483
0.544394
0.55198
0.558828
0.566823
0.574025
0.581631
0.591536
0.59914
0.611148
0.621783
0.633765
0.645763
0.656135
0.667985
0.676994
0.687122
0.694727
0.701209
0.709596
0.715511
0.722175
0.72716
0.730868
0.737454
0.740591
0.745235
0.748558
0.751717
0.756771
0.760191
0.76669
0.772317
0.781157
0.790706
0.800599
0.80882
0.818742
0.829045
0.840091
0.850086
0.858777
0.86856
0.875634
0.885531
0.892572
0.900328
0.906512
0.913496
0.918093
0.922562
0.925111
0.928847
0.931865
0.935503
0.938115
0.941319
0.943331
0.945766
0.947403
0.9506
0.95492
0.961069
0.965292
0.970925
0.97553
0.982333
0.988081
0.995142
1.00248
1.00932
1.01795
1.02483
1.03244
1.03867
1.04439
1.05089
1.0564
1.06359
1.06873
1.07488
1.08213
1.08839
1.09658
1.10248
1.10966
1.11894
1.12661
1.13611
1.14358
1.14858
1.15434
1.15873
1.1637
1.16774
1.16893
1.1704
1.17096
1.17166
1.17231
1.17107
1.17078
1.1703
1.17008
1.17145
1.17247
1.17198
1.17358
1.17532
1.17597
1.17862
1.18013
1.18033
1.18261
1.18588
1.18668
1.18897
1.19255
1.19446
1.19626
1.19889
1.19963
1.1993
1.20073
1.20151
1.20043
1.20127
1.20336
1.20377
1.2055
1.20865
1.21086
1.21026
1.21065
1.21356
1.21634
1.21702
1.21832
1.22147
1.22367
1.2229
1.22172
1.22152
1.22176
1.22116
1.22118
1.22359
1.22621
1.22638
1.22598
1.22693
1.22885
1.22941
1.22865
1.22776
1.22744
1.22637
1.22404
1.2219
1.22116
1.221
1.221
1.22021
1.21899
1.21787
1.21761
1.21826
1.21849
1.21889
1.21989
1.22173
1.22282
1.22209
1.22022
1.21949
1.21987
1.22188
1.2248
1.22739
1.2302
1.23042
1.23057
1.23103
1.23307
1.23497
1.23733
1.23927
1.23958
1.24042
1.24184
1.24253
1.24373
1.24372
1.24223
1.23827
1.23511
1.23242
1.23076
1.23107
1.23254
1.23457
1.23698
1.23915
1.24092
1.241
1.24138
1.2415
1.24188
1.24211
1.2433
1.24457
1.24612
1.24798
1.25081
1.25316
1.25525
1.25766
1.25952
1.2606
1.26176
1.26237
1.26267
1.26283
1.26285
1.26252
1.26117
1.25929
1.25657
1.2544
1.25301
1.25237
1.25275
1.25396
1.25537
1.25733
1.26029
1.26317
1.26601
1.26929
1.27247
1.2756
1.27794
1.27936
1.28098
1.28224
1.2842
1.28566
1.28661
1.28646
1.28606
1.28605
1.28626
1.28658
1.28683
1.28717
1.28784
1.28853
1.28861
1.2894
1.28949
1.2896
1.28969
1.28903
1.28848
1.28806
1.2877
1.28728
1.28738
1.28748
1.28802
1.28894
1.29043
1.2917
1.29321
1.29506
1.2967
1.29808
1.29951
1.3019
1.30368
1.30561
1.30766
1.31041
1.31235
1.31444
1.31647
1.31814
1.31998
1.32109
1.32283
1.32388
1.32515
1.32579
1.32674
1.32722
1.32763
1.32825
1.32894
1.32907
1.32964
1.33033
1.33066
1.33201
1.33342
1.33494
1.33614
1.33726
1.33814
1.33842
1.33889
1.33881
1.33828
1.33739
1.33618
1.33476
1.33371
1.33291
1.33232
1.33204
1.33275
1.33339
1.3339
1.33438
1.33547
1.33522
1.33572
1.33566
1.33517
1.33431
1.33359
1.33257
1.33172
1.33102
1.33066
1.33042
1.33061
1.33129
1.33245
1.33386
1.33547
1.33695
1.33814
1.33983
1.3412
1.34231
1.34322
1.3446
1.34566
1.34659
1.34617
1.34582
1.34718
1.34795
1.34854
1.34901
1.35003
1.35086
1.35153
1.35207
1.3525
1.35284
1.35318
1.35345
1.35366
1.35382
1.35395
1.35404
1.35411
1.35423
1.35433
1.35447
1.35474
1.35533
1.35611
1.35697
1.35774
1.35844
1.35908
1.3596
1.36001
1.36035
1.36061
1.36082
1.36098
1.36111
1.36121
1.36128
1.36133
1.36136
1.36138
1.36139
1.36139
1.36139
1.3613
1.36122
1.36115
1.36108
1.36102
1.36097
1.36091
1.36086
1.36082
1.36077
1.36073
1.36069
1.36065
1.36061
1.36057
1.36054
1.3605
1.36046
1.36043
1.3604
1.36036
1.36068
1.36094
1.36115
1.36131
1.36144
1.36154
1.36161
1.36167
1.36174
1.36186
1.36196
1.36204
1.3621
1.36214
1.36217
1.36226
1.36233
1.36239
1.36243
1.36246
1.36247
1.36248
1.36249
1.36249
1.36248
1.36282
1.3631
1.36333
1.3635
1.36365
1.36376
1.36384
1.36391
1.36388
1.36386
1.36383
1.36381
1.36378
1.36376
1.36374
1.36371
1.36369
1.36402
1.36432
1.36455
1.36474
1.3649
1.36502
1.36511
1.36519
1.3652
1.36749
1.36899
1.37059
1.37226
1.37362
1.37473
1.37563
1.37637
1.37696
1.37745
1.37784
1.37816
1.37842
1.37862
1.37879
1.37892
1.37902
1.3791
1.37916
1.3792
1.37924
1.37926
1.37928
1.37973
1.38283
1.38424
1.38483
1.38531
1.38634
1.38717
1.38721
1.38789
1.38844
1.38888
1.38924
1.38953
1.38976
1.38995
1.3901
1.39037
1.39265
1.39273
1.39276
1.39278
1.39277
1.39275
1.39273
1.39272
1.3927
1.39268
1.39266
1.39264
1.39481
1.39829
1.39915
1.40015
1.39989
1.39994
1.39958
1.39931
1.39871
1.39821
1.39777
1.39804
1.40087
1.40188
1.40199
1.402
1.40133
1.39973
1.39767
1.39528
1.39301
1.39247
1.39434
1.39486
1.39436
1.39335
1.39147
1.38987
1.38791
1.38564
1.38431
1.38659
1.38724
1.3872
1.38716
1.38692
1.38633
1.38551
1.38643
1.38984
1.39135
1.39192
1.39103
1.38966
1.38778
1.38713
1.38866
1.38826
1.38649
1.38375
1.38006
1.37635
1.37387
1.37387
1.37247
1.36996
1.36617
1.36207
1.36004
1.36112
1.36108
1.36003
1.35853
1.35769
1.35757
1.35918
1.36019
1.35976
1.35908
1.35715
1.35773
1.36097
1.36202
1.36161
1.36006
1.35866
1.35932
1.35832
1.35667
1.35548
1.35513
1.35645
1.35642
1.35658
1.35549
1.35594
1.35927
1.36083
1.36118
1.35962
1.36003
1.36194
1.36254
1.36166
1.36001
1.36106
1.36551
1.36856
1.37075
1.37255
1.37657
1.3791
1.38072
1.38213
1.38514
1.38554
1.3854
1.38616
1.38865
1.38817
1.38697
1.38697
1.38927
1.39
1.3897
1.39045
1.39426
1.39596
1.39756
1.39884
1.40239
1.40185
1.40051
1.39865
1.39764
1.39417
1.38977
1.38673
1.38573
1.38303
1.3796
1.37752
1.37724
1.37446
1.37214
1.37078
1.36809
1.36728
1.36749
1.36713
1.36687
1.36913
1.37045
1.37121
1.37351
1.37312
1.37308
1.37164
1.36791
1.36562
1.36445
1.36164
1.35994
1.36038
1.35943
1.35901
1.3606
1.36072
1.3603
1.36126
1.36086
1.36142
1.36245
1.36156
1.362
1.3637
1.36293
1.36203
1.3616
1.35908
1.35821
1.35945
1.35903
1.36102
1.36438
1.36533
1.36772
1.37029
1.37169
1.37299
1.37549
1.3758
1.37866
1.38305
1.38533
1.38844
1.39265
1.39437
1.39582
1.39787
1.39713
1.39698
1.39785
1.39654
1.3966
1.39681
1.39416
1.39165
1.39017
1.3865
1.38392
1.38396
1.38296
1.38276
1.38418
1.38358
1.38177
1.3813
1.37854
1.37776
1.37919
1.3819
1.38408
1.38626
1.38884
1.3902
1.39081
1.39226
1.39339
1.39494
1.3966
1.39743
1.39856
1.39838
1.39888
1.39964
1.40049
1.40269
1.40522
1.40568
1.4057
1.40419
1.40257
1.40072
1.39918
1.39809
1.39715
1.39636
1.39521
1.39362
1.39366
1.3944
1.39534
1.39754
1.39814
1.39795
1.39753
1.39559
1.39438
1.39314
1.39359
1.39372
1.39429
1.39382
1.39281
1.39015
1.38838
1.38785
1.38809
1.38745
1.3877
1.38716
1.38748
1.38761
1.38912
1.39101
1.39362
1.39512
1.39571
1.39534
1.39558
1.39565
1.39618
1.39636
1.39642
1.39552
1.39605
1.39539
1.39518
1.3949
1.39576
1.39579
1.39558
1.39524
1.39533
1.39461
1.39379
1.39228
1.39061
1.38811
1.38667
1.38463
1.38315
1.38104
1.37954
1.37822
1.37937
1.37956
1.38136
1.38135
1.38256
1.38142
1.38227
1.3823
1.3854
1.38821
1.39213
1.39389
1.39658
1.39784
1.40117
1.40405
1.40676
1.40857
1.41109
1.41158
1.4132
1.41445
1.41753
1.41782
1.41847
1.4173
1.41804
1.41838
1.42123
1.42304
1.42504
1.42549
1.42598
1.42554
1.42664
1.42738
1.42774
1.42567
1.42439
1.42294
1.42263
1.42257
1.42396
1.42143
1.41902
1.41674
1.41614
1.41714
1.41977
1.42212
1.42494
1.42585
1.42781
1.429
1.43044
1.43021
1.43104
1.42875
1.42755
1.42597
1.42507
1.42316
1.42234
1.42029
1.42042
1.41995
1.422
1.42279
1.42536
1.42594
1.42734
1.42839
1.43093
1.43365
1.43586
1.43596
1.43569
1.4351
1.43521
1.43548
1.43674
1.43549
1.43498
1.43276
1.43148
1.42958
1.42887
1.42654
1.42603
1.42536
1.4262
1.42637
1.42666
1.42557
1.42436
1.42196
1.4208
1.41993
1.41997
1.41805
1.41688
1.41515
1.41493
1.41437
1.41338
1.41015
1.40726
1.40352
1.40209
1.4004
1.3996
1.39638
1.39383
1.39109
1.3902
1.38848
1.38694
1.3845
1.38386
1.38429
1.38587
1.38654
1.38662
1.38594
1.38523
1.38417
1.38336
1.38301
1.38265
1.38193
1.38088
1.38008
1.37903
1.37767
1.37405
1.37104
1.36918
1.36909
1.36923
1.3705
1.37117
1.37121
1.36984
1.36884
1.36685
1.36463
1.36267
1.36121
1.3602
1.36063
1.36011
1.35857
1.35551
1.35329
1.35125
1.3519
1.3522
1.35326
1.35316
1.35448
1.35667
1.35974
1.36167
1.36238
1.36106
1.35948
1.35838
1.35952
1.36031
1.36031
1.35753
1.35463
1.3513
1.34911
1.34786
1.34719
1.34659
1.34743
1.34949
1.35182
1.35459
1.35717
1.35873
1.35822
1.35868
1.3594
1.3614
1.36319
1.3641
1.36391
1.36356
1.36325
1.36348
1.36347
1.36313
1.36193
1.36167
1.36206
1.36342
1.36466
1.36512
1.3636
1.36181
1.36086
1.36122
1.36223
1.36376
1.36442
1.36504
1.36476
1.36498
1.36492
1.3654
1.36486
1.36481
1.36495
1.36557
1.36722
1.36873
1.3688
1.3677
1.36567
1.36388
1.36302
1.36384
1.36426
1.36531
1.36556
1.36722
1.36841
1.37013
1.36993
1.3716
1.37163
1.3737
1.37556
1.37875
1.38103
1.38429
1.3849
1.38563
1.38495
1.38549
1.38571
1.38657
1.38657
1.38831
1.38873
1.38992
1.38924
1.39026
1.38974
1.39047
1.38988
1.39008
1.39008
1.39205
1.39452
1.39709
1.39839
1.39966
1.39848
1.39857
1.39641
1.39683
1.39654
1.39838
1.39822
1.3996
1.39994
1.40143
1.40277
1.40498
1.40613
1.40875
1.40977
1.41266
1.4147
1.41923
1.42225
1.42637
1.4294
1.43242
1.43422
1.43511
1.43519
1.43474
1.43473
1.43444
1.43351
1.43233
1.4295
1.42659
1.42205
1.4191
1.4154
1.41174
1.40645
1.40151
1.39718
1.39445
1.39243
1.39322
1.39509
1.39716
1.399
1.4007
1.40166
1.40189
1.40108
1.40114
1.40073
1.40094
1.4003
1.39988
1.39863
1.39804
1.39591
1.39523
1.39411
1.39418
1.39393
1.39428
1.39212
1.3913
1.38933
1.38874
1.38769
1.38844
1.38947
1.39146
1.39234
1.395
1.3962
1.39784
1.39826
1.39931
1.40036
1.40257
1.40322
1.40412
1.40334
1.40196
1.39995
1.39973
1.39896
1.40042
1.40045
1.40073
1.39986
1.39858
1.39574
1.39314
1.39057
1.3883
1.38667
1.38575
1.3841
1.38293
1.38136
1.38028
1.37966
1.37888
1.37825
1.37807
1.37892
1.37957
1.37971
1.37979
1.37677
1.37537
1.37523
1.37463
1.37473
1.37648
1.37689
1.37927
1.38306
1.38433
1.38472
1.38593
1.38376
1.38266
1.38272
1.38088
1.38016
1.38186
1.38246
1.38374
1.38498
1.38482
1.38476
1.38559
1.38374
1.38296
1.38367
1.38249
1.38224
1.38338
1.38336
1.38347
1.38389
1.38216
1.38062
1.37855
1.37464
1.37188
1.37088
1.36856
1.36782
1.36856
1.36869
1.36994
1.37219
1.37261
1.3734
1.374
1.37366
1.37246
1.37242
1.37135
1.37115
1.37201
1.371
1.37153
1.37191
1.37142
1.3724
1.37298
1.37169
1.37171
1.37192
1.36973
1.36701
1.36402
1.36025
1.35757
1.35515
1.35183
1.34915
1.34695
1.34334
1.33926
1.33383
1.3273
1.32137
1.31567
1.31018
1.30502
1.30095
1.29752
1.29423
1.29111
1.28846
1.28727
1.28634
1.28479
1.28342
1.28176
1.28016
1.27853
1.27739
1.27605
1.27431
1.27189
1.26933
1.26675
1.26448
1.26191
1.25879
1.25614
1.25326
1.25055
1.24811
1.24523
1.24313
1.24061
1.23842
1.23588
1.23315
1.23043
1.22773
1.22479
1.2221
1.21862
1.2145
1.20963
1.20547
1.20148
1.19677
1.19223
1.18715
1.1826
1.17802
1.17278
1.16736
1.16281
1.15857
1.15398
1.14891
1.14393
1.13847
1.13202
1.12539
1.11869
1.11285
1.10605
1.09814
1.09036
1.0823
1.07504
1.06683
1.05911
1.05153
1.04327
1.03534
1.02753
1.02002
1.01215
1.00337
0.994053
0.984792
0.977009
0.969228
0.96118
0.951901
0.941749
0.931537
0.92222
0.913467
0.90403
0.89412
0.883725
0.873225
0.862994
0.852373
0.842573
0.832386
0.822384
0.812894
0.802509
0.791489
0.7805
0.769857
0.759302
0.748421
0.737393
0.725707
0.713885
0.702626
0.691233
0.678973
0.666902
0.655037
0.642483
0.629649
0.616438
0.60243
0.588243
0.573256
0.556973
0.540318
0.522718
0.504914
0.487179
0.468543
0.450189
0.430791
0.410654
0.390433
0.369729
0.348792
0.327752
0.30532
0.282159
0.258911
0.236392
0.213027
0.189583
0.165828
0.141477
0.116263
0.0904391
0.0642259
0.037523
0.0104812
-0.0172374
-0.046033
-0.0759699
-0.10639
-0.13756
-0.169171
-0.201082
-0.234664
-0.268734
-0.303248
-0.338
-0.373468
-0.410339
-0.447971
-0.48557
-0.523994
-0.562329
-0.600637
-0.63925
-0.679876
-0.721219
-0.764325
-0.806492
-0.85046
-0.895267
-0.941116
-0.987459
-1.03332
-1.0796
-1.12705
-1.17622
-1.22537
-1.27588
-1.32856
-1.38209
-1.43635
-1.49158
-1.54754
-1.60389
-1.66131
-1.72007
-1.7783
-1.83674
-1.8968
-1.9568
-2.01883
-2.08035
-2.14046
-2.20102
-2.26204
-2.32305
-2.38438
-2.44677
-2.50896
-2.57229
-2.63424
-2.69679
-2.76032
-2.8258
-2.89141
-2.95798
-3.0273
-3.09787
-3.16855
-3.24119
-3.31466
-3.3888
-3.46264
-3.53582
-3.60921
-3.68325
-3.75897
-3.8349
-3.91336
-3.9925
-4.07203
-4.15249
-4.2333
-4.31535
-4.39895
-4.48361
-4.56875
-4.65405
-4.74026
-4.82707
-4.91625
-5.0061
-5.09791
-5.18908
-5.28219
-5.37733
-5.47408
-5.57342
-5.67455
-5.77459
-5.87548
-5.9757
-6.07833
-6.18063
-6.28266
-6.38732
-6.49145
-6.59646
-6.70267
-6.81151
-6.92203
-7.03266
-7.14535
-7.25894
-7.37338
-7.48868
-7.6061
-7.72528
-7.84508
-7.96418
-8.08578
-8.20789
-8.33049
-8.45576
-8.58131
-8.70694
-8.8344
-8.96255
-9.08846
-9.2161
-9.34406
-9.46984
-9.597
-9.72258
-9.8487
-9.97777
-10.1061
-10.2347
-10.362
-10.4911
-10.6215
-10.7529
-10.8834
-11.0154
-11.147
-11.2782
-11.4106
-11.542
-11.6742
-11.8044
-11.9366
-12.0688
-12.2015
-12.3336
-12.4671
-12.5978
-12.7294
-12.8604
-12.9915
-13.1198
-13.2499
-13.3789
-13.5109
-13.6416
-13.7763
-13.91
-14.0479
-14.184
-14.3202
-14.4576
-14.594
-14.7332
-14.8724
-15.0102
-15.1492
-15.2858
-15.4213
-15.5597
-15.6945
-15.8308
-15.966
-16.1004
-16.2349
-16.3711
-16.5069
-16.643
-16.7774
-16.914
-17.0529
-17.1895
-17.3245
-17.4607
-17.5954
-17.7322
-17.8705
-18.0074
-18.1452
-18.2835
-18.4196
-18.5565
-18.6936
-18.8296
-18.9642
-19.0987
-19.2313
-19.3626
-19.4941
-19.6245
-19.7507
-19.8772
-20.0027
-20.1263
-20.2502
-20.3733
-20.4978
-20.6207
-20.744
-20.8661
-20.9858
-21.1053
-21.2254
-21.3441
-21.4626
-21.5817
-21.6985
-21.8144
-21.9313
-22.0466
-22.1564
-22.2647
-22.3735
-22.4799
-22.5856
-22.692
-22.7983
-22.9029
-23.006
-23.1097
-23.211
-23.3126
-23.4153
-23.5175
-23.6182
-23.7205
-23.8202
-23.9198
-24.0197
-24.1195
-24.222
-24.3235
-24.4236
-24.5256
-24.626
-24.7257
-24.8239
-24.9204
-25.0167
-25.1147
-25.2104
-25.3093
-25.4081
-25.5038
-25.5997
-25.6934
-25.7871
-25.877
-25.9649
-26.0527
-26.139
-26.225
-26.3098
-26.3926
-26.4722
-26.5538
-26.6343
-26.7119
-26.7897
-26.8645
-26.9394
-27.0127
-27.0865
-27.1581
-27.2286
-27.2978
-27.3677
-27.4365
-27.5058
-27.5693
-27.6329
-27.6984
-27.7642
-27.8275
-27.8907
-27.9517
-28.0106
-28.0674
-28.1258
-28.1829
-28.2379
-28.2937
-28.3471
-28.4008
-28.4531
-28.5056
-28.5568
-28.6083
-28.661
-28.7112
-28.7629
-28.8127
-28.862
-28.9122
-28.9607
-29.0092
-29.0585
-29.1055
-29.1528
-29.2002
-29.2463
-29.2924
-29.3385
-29.3837
-29.4295
-29.4763
-29.5194
-29.562
-29.6055
-29.6484
-29.6885
-29.7291
-29.767
-29.8059
-29.8454
-29.8846
-29.9219
-29.9591
-29.9973
-30.0351
-30.0709
-30.1065
-30.1422
-30.1781
-30.2136
-30.2513
-30.2896
-30.3263
-30.3611
-30.396
-30.4311
-30.4681
-30.5045
-30.5401
-30.5754
-30.61
-30.6451
-30.6789
-30.7129
-30.7463
-30.7793
-30.812
-30.8427
-30.8734
-30.9037
-30.9354
-30.9673
-30.9966
-31.0257
-31.0536
-31.0823
-31.1105
-31.1392
-31.169
-31.1973
-31.226
-31.254
-31.282
-31.3096
-31.3358
-31.3616
-31.3877
-31.4133
-31.4393
-31.4649
-31.4903
-31.5155
-31.5422
-31.568
-31.5925
-31.6168
-31.6401
-31.662
-31.6817
-31.7016
-31.7208
-31.7405
-31.7612
-31.782
-31.8032
-31.8247
-31.8472
-31.8698
-31.8928
-31.9162
-31.9399
-31.9641
-31.9874
-32.0099
-32.0319
-32.0541
-32.0753
-32.0962
-32.1161
-32.1358
-32.1542
-32.1723
-32.1912
-32.2086
-32.2261
-32.242
-32.2578
-32.2738
-32.2892
-32.304
-32.3183
-32.332
-32.3454
-32.3584
-32.3721
-32.3861
-32.4001
-32.414
-32.4281
-32.4437
-32.4592
-32.4745
-32.4893
-32.5048
-32.5189
-32.5335
-32.5482
-32.5637
-32.5782
-32.5926
-32.6054
-32.6187
-32.6331
-32.6479
-32.6625
-32.6762
-32.6913
-32.7075
-32.7223
-32.7342
-32.744
-32.7532
-32.7631
-32.7738
-32.7825
-32.7907
-32.7997
-32.8094
-32.8167
-32.822
-32.8284
-32.8358
-32.8422
-32.8489
-32.8565
-32.8636
-32.8705
-32.8789
-32.8872
-32.8956
-32.9035
-32.9117
-32.9195
-32.9274
-32.933
-32.9415
-32.9458
-32.9537
-32.9576
-32.9625
-32.9644
-32.9684
-32.9682
-32.9685
-32.9671
-32.9645
-32.9613
-32.9604
-32.9573
-32.9575
-32.9573
-32.9557
-32.9554
-32.9528
-32.9538
-32.9535
-32.9577
-32.9582
-32.9577
-32.9575
-32.9568
-32.9572
-32.9565
-32.959
-32.9594
-32.959
-32.9573
-32.9582
-32.9554
-32.9506
-32.9455
-32.9408
-32.9369
-32.9304
-32.9257
-32.9193
-32.9139
-32.9065
-32.9012
-32.8957
-32.8905
-32.8862
-32.881
-32.8765
-32.8707
-32.8655
-32.8602
-32.8563
-32.8506
-32.8467
-32.843
-32.8396
-32.8377
-32.8343
-32.8319
-32.8279
-32.8252
-32.8204
-32.8174
-32.8119
-32.8078
-32.8017
-32.7959
-32.7888
-32.782
-32.7758
-32.7686
-32.7593
-32.7501
-32.7418
-32.7337
-32.7251
-32.7147
-32.7063
-32.6991
-32.6911
-32.6826
-32.6747
-32.6662
-32.6567
-32.6465
-32.6367
-32.6282
-32.6203
-32.6123
-32.6019
-32.5935
-32.5849
-32.574
-32.5627
-32.5495
-32.5369
-32.5204
-32.506
-32.489
-32.4722
-32.4545
-32.4372
-32.4209
-32.4035
-32.3882
-32.3743
-32.3607
-32.3458
-32.3294
-32.3155
-32.3007
-32.2895
-32.2763
-32.2632
-32.25
-32.2366
-32.2221
-32.2062
-32.1928
-32.1792
-32.1659
-32.1514
-32.1362
-32.1235
-32.1102
-32.0981
-32.0877
-32.0764
-32.0667
-32.0539
-32.0432
-32.0331
-32.0195
-32.0097
-31.9978
-31.9895
-31.9791
-31.9689
-31.9539
-31.9368
-31.9205
-31.9051
-31.8916
-31.8757
-31.8594
-31.8395
-31.8207
-31.8039
-31.79
-31.777
-31.7635
-31.7505
-31.7358
-31.7248
-31.7124
-31.7033
-31.6936
-31.6854
-31.6774
-31.6714
-31.6662
-31.6605
-31.6557
-31.6513
-31.6461
-31.6425
-31.6374
-31.6327
-31.6261
-31.6191
-31.6117
-31.6014
-31.5943
-31.585
-31.5783
-31.5695
-31.5626
-31.5524
-31.5455
-31.5361
-31.5301
-31.5256
-31.52
-31.515
-31.5078
-31.5018
-31.4942
-31.491
-31.4869
-31.484
-31.481
-31.4767
-31.473
-31.4674
-31.463
-31.4568
-31.4491
-31.4403
-31.434
-31.4268
-31.4212
-31.4134
-31.406
-31.3964
-31.3849
-31.3736
-31.3633
-31.3514
-31.3381
-31.3233
-31.3126
-31.3039
-31.2956
-31.2874
-31.2789
-31.2725
-31.2644
-31.2574
-31.2493
-31.2425
-31.2355
-31.23
-31.2228
-31.2173
-31.2104
-31.2071
-31.2021
-31.1994
-31.1952
-31.1944
-31.1929
-31.1911
-31.1871
-31.1842
-31.1812
-31.1786
-31.1748
-31.1705
-31.1642
-31.1595
-31.1526
-31.1477
-31.1407
-31.135
-31.1275
-31.1209
-31.1128
-31.1074
-31.1009
-31.0962
-31.0906
-31.086
-31.0805
-31.0764
-31.0718
-31.0707
-31.0677
-31.0676
-31.0652
-31.0644
-31.0629
-31.0627
-31.0615
-31.0618
-31.0606
-31.0612
-31.0602
-31.0576
-31.0558
-31.0534
-31.0509
-31.0464
-31.0448
-31.041
-31.0382
-31.0322
-31.0262
-31.0219
-31.0152
-31.0096
-31.0028
-30.9986
-30.9941
-30.989
-30.9838
-30.9777
-30.9739
-30.9696
-30.9668
-30.963
-30.9592
-30.9555
-30.9527
-30.9508
-30.9488
-30.9489
-30.9461
-30.9466
-30.9459
-30.9482
-30.9495
-30.9514
-30.9551
-30.9573
-30.9609
-30.9636
-30.967
-30.9692
-30.9722
-30.9733
-30.9747
-30.976
-30.9766
-30.9786
-30.979
-30.9796
-30.977
-30.978
-30.979
-30.9789
-30.9804
-30.9799
-30.9808
-30.9803
-30.9773
-30.9756
-30.9735
-30.9719
-30.9703
-30.968
-30.9662
-30.9628
-30.9611
-30.9596
-30.9568
-30.9547
-30.9516
-30.9504
-30.9492
-30.9466
-30.9454
-30.9435
-30.9427
-30.9412
-30.9383
-30.9381
-30.9362
-30.9359
-30.9359
-30.9341
-30.9349
-30.9344
-30.9347
-30.9351
-30.9344
-30.9335
-30.9324
-30.9307
-30.9299
-30.9271
-30.9247
-30.9229
-30.9211
-30.9204
-30.9192
-30.9162
-30.9152
-30.9128
-30.909
-30.9074
-30.9059
-30.9032
-30.901
-30.8981
-30.8939
-30.892
-30.8898
-30.8875
-30.886
-30.8842
-30.8822
-30.8829
-30.8821
-30.8822
-30.8836
-30.8833
-30.8847
-30.8856
-30.8855
-30.8869
-30.8872
-30.8867
-30.8869
-30.8861
-30.8856
-30.8863
-30.8868
-30.8857
-30.8857
-30.8867
-30.8874
-30.8894
-30.8903
-30.8887
-30.8901
-30.8915
-30.8906
-30.8916
-30.8925
-30.8919
-30.8922
-30.8936
-30.8938
-30.894
-30.8946
-30.8956
-30.8967
-30.8988
-30.8999
-30.9013
-30.9031
-30.9045
-30.9044
-30.905
-30.9061
-30.9061
-30.9053
-30.9066
-30.9083
-30.9084
-30.9085
-30.9093
-30.9101
-30.9107
-30.9104
-30.9119
-30.9123
-30.9129
-30.9158
-30.9206
-30.9251
-30.9301
-30.9337
-30.9352
-30.9377
-30.9418
-30.9446
-30.9461
-30.9475
-30.9499
-30.9516
-30.9528
-30.9551
-30.9586
-30.9613
-30.962
-30.9623
-30.9637
-30.9643
-30.9649
-30.9669
-30.9689
-30.9695
-30.969
-30.9688
-30.9695
-30.9707
-30.9711
-30.9703
-30.9691
-30.9683
-30.9669
-30.9669
-30.9676
-30.9669
-30.9648
-30.962
-30.9608
-30.9591
-30.9578
-30.955
-30.9522
-30.9491
-30.9445
-30.9404
-30.938
-30.937
-30.9366
-30.9353
-30.932
-30.9281
-30.9245
-30.9218
-30.9191
-30.9156
-30.9114
-30.9069
-30.9032
-30.8976
-30.8932
-30.8888
-30.8854
-30.8845
-30.8829
-30.8801
-30.8783
-30.8778
-30.8765
-30.8764
-30.8743
-30.8732
-30.8704
-30.8693
-30.8675
-30.8677
-30.8671
-30.8677
-30.8673
-30.8694
-30.87
-30.8718
-30.871
-30.8726
-30.8724
-30.8746
-30.8748
-30.8759
-30.8757
-30.8761
-30.8751
-30.8747
-30.8719
-30.8691
-30.8653
-30.864
-30.8624
-30.8627
-30.8623
-30.862
-30.8592
-30.8582
-30.8575
-30.8595
-30.8594
-30.8604
-30.8594
-30.8588
-30.8574
-30.8582
-30.8573
-30.8579
-30.8575
-30.8576
-30.8567
-30.8573
-30.8583
-30.8615
-30.8639
-30.8664
-30.8678
-30.8695
-30.8693
-30.8708
-30.8704
-30.871
-30.8706
-30.8705
-30.8691
-30.8694
-30.8689
-30.8691
-30.8684
-30.8681
-30.8667
-30.8655
-30.8625
-30.8619
-30.8613
-30.8632
-30.8639
-30.8661
-30.8671
-30.8683
-30.867
-30.8665
-30.865
-30.8643
-30.863
-30.8626
-30.8624
-30.8624
-30.8616
-30.8618
-30.8599
-30.8586
-30.8582
-30.8582
-30.8577
-30.8585
-30.859
-30.86
-30.8605
-30.8611
-30.8609
-30.8619
-30.8629
-30.8642
-30.8651
-30.867
-30.8677
-30.869
-30.8698
-30.8702
-30.8687
-30.8673
-30.8657
-30.8648
-30.8633
-30.8619
-30.8602
-30.8599
-30.8598
-30.8572
-30.8548
-30.8527
-30.8499
-30.8481
-30.8467
-30.8436
-30.8416
-30.8409
-30.8379
-30.8358
-30.8347
-30.8324
-30.832
-30.833
-30.8331
-30.8344
-30.8357
-30.8359
-30.8364
-30.8373
-30.838
-30.8399
-30.8424
-30.8435
-30.8456
-30.8488
-30.8509
-30.853
-30.8553
-30.8553
-30.8555
-30.8554
-30.8548
-30.855
-30.8551
-30.8536
-30.8525
-30.8519
-30.8502
-30.849
-30.8495
-30.8491
-30.8464
-30.845
-30.8444
-30.8431
-30.8404
-30.8395
-30.8396
-30.8388
-30.8365
-30.8348
-30.8342
-30.8331
-30.8301
-30.8284
-30.8278
-30.8272
-30.8259
-30.8255
-30.8258
-30.8249
-30.8235
-30.8235
-30.8243
-30.8259
-30.8268
-30.8274
-30.8284
-30.8303
-30.8327
-30.8355
-30.836
-30.8366
-30.8376
-30.8386
-30.8391
-30.8377
-30.8373
-30.8374
-30.8377
-30.8369
-30.8348
-30.8332
-30.8324
-30.8318
-30.8318
-30.8312
-30.8283
-30.8271
-30.8265
-30.8269
-30.8276
-30.8279
-30.8268
-30.8266
-30.8274
-30.8288
-30.8301
-30.8317
-30.8321
-30.8307
-30.8298
-30.8297
-30.83
-30.8308
-30.8318
-30.8328
-30.8329
-30.8318
-30.8313
-30.8311
-30.8316
-30.8321
-30.8325
-30.833
-30.8335
-30.8332
-30.8307
-30.8292
-30.8289
-30.8288
-30.829
-30.8294
-30.83
-30.8304
-30.8308
-30.8311
-30.8308
-30.8291
-30.8283
-30.8281
-30.8286
-30.8292
-30.83
-30.8306
-30.8313
-30.8318
-30.8322
-30.8325
-30.8326
-30.8326
-30.8314
-30.8288
-30.8272
-30.8264
-30.826
-30.8262
-30.8268
-30.8274
-30.8278
-30.8282
-30.8288
-30.8293
-30.8296
-30.8298
-30.83
-30.83
-30.8301
-30.83
-30.83
-30.83
-30.829
-30.8263
-30.8248
-30.8239
-30.8233
-30.8232
-30.8234
-30.8235
-30.8238
-30.8241
-30.8244
-30.8246
-30.8247
-30.8247
-30.8248
-30.8248
-30.8248
-30.8248
-30.8248
-30.8248
-30.8247
-30.8247
-30.8247
-30.8247
-30.8247
-30.8247
-30.8247
-30.8247
-30.8247
-30.8241
-30.8235
-30.823
-30.8226
-30.8223
-30.8219
-30.8216
-30.8219
-30.8222
-30.8224
-30.8226
-30.8227
-30.8229
-30.823
-30.8231
-30.8232
-30.8233
-30.8233
-30.8234
-30.8234
-30.8235
-30.8235
-30.8234
-30.8232
-30.8231
-30.823
-30.8229
-30.8228
-30.8227
-30.8226
-30.8226
-30.8225
-30.8224
-30.8223
-30.8222
-30.8221
-30.822
-30.822
-30.822
-30.8219
-30.8219
-30.8219
-30.8219
-30.8219
-30.8219
-30.8218
-30.8216
-30.8215
-30.8214
-30.8214
-30.8213
-30.8213
-30.8212
-30.8212
-30.8212
-30.8212
-30.8212
-30.8211
-30.8211
-30.8211
-30.8211
-30.8211
-30.8211
-30.8211
-30.8211
-30.8211
-30.8211
-30.8211
-30.8211
-30.8211
-30.8211
-30.8212
-30.8212
-30.8212
-30.8212
-30.8212
-30.8212
-30.8212
-30.8212
-30.8212
-30.8212
-30.8212
-30.8212
-30.8212
-30.8212
-30.8212
-30.8212
-30.8211
-30.8211
-30.821
-30.821
-30.821
-30.821
-30.821
-30.821
-30.821
-30.821
-30.821
-30.821
-30.821
-30.8211
-30.8211
-30.8211
-30.8211
-30.8211
-30.8211
-30.8211
-30.8211
-30.8211
-30.8211
-30.8211
-30.8211
-30.8211
-30.8211
-30.8211
-30.821
-30.8209
-30.8209
-30.8209
-30.8208
-30.8208
-30.8208
-30.8208
-30.8208
-30.8208
-30.8208
-30.8207
-30.8213
-30.8218
-30.8222
-30.8225
-30.8227
-30.8229
-30.8231
-30.8232
-30.8232
-30.8233
-30.8233
-30.8233
-30.8234
-30.8234
-30.8234
-30.8234
-30.8234
-30.8235
-30.8235
-30.8235
-30.8235
-30.8235
-30.8235
-30.8235
-30.8235
-30.8235
-30.8235
-30.8235
-30.8235
-30.8235
-30.8235
-30.8235
-30.8235
-30.8226
-30.8185
-30.8157
-30.8137
-30.8118
-30.8102
-30.8089
-30.8077
-30.8068
-30.8061
-30.8054
-30.8048
-30.8044
-30.8039
-30.8035
-30.803
-30.8026
-30.8029
-30.8028
-30.8019
-30.8019
-30.8023
-30.8025
-30.8026
-30.8025
-30.8024
-30.8023
-30.8029
-30.8031
-30.8033
-30.8031
-30.8024
-30.8024
-30.8024
-30.8025
-30.8025
-30.8027
-30.8027
-30.8029
-30.803
-30.8029
-30.8024
-30.8024
-30.8025
-30.8027
-30.8028
-30.8032
-30.8034
-30.8033
-30.8026
-30.8027
-30.8023
-30.8017
-30.8013
-30.8009
-30.8004
-30.8
-30.8003
-30.8005
-30.8005
-30.8001
-30.7993
-30.7984
-30.798
-30.7978
-30.7975
-30.7974
-30.7968
-30.7954
-30.7948
-30.7945
-30.7946
-30.7938
-30.7937
-30.7943
-30.7952
-30.796
-30.796
-30.7959
-30.7956
-30.7953
-30.7949
-30.7948
-30.7942
-30.7943
-30.7947
-30.7954
-30.7958
-30.7966
-30.7979
-30.7994
-30.801
-30.8019
-30.8038
-30.8063
-30.8085
-30.81
-30.8112
-30.8124
-30.813
-30.8128
-30.8128
-30.813
-30.8126
-30.811
-30.8106
-30.81
-30.809
-30.808
-30.8091
-30.8098
-30.8091
-30.8101
-30.811
-30.8113
-30.8127
-30.8146
-30.8157
-30.8174
-30.8191
-30.8194
-30.8217
-30.8241
-30.8255
-30.8275
-30.8286
-30.8288
-30.829
-30.8285
-30.8278
-30.8275
-30.8277
-30.8268
-30.8269
-30.8272
-30.8272
-30.8282
-30.8285
-30.8285
-30.8298
-30.8314
-30.8322
-30.8346
-30.8368
-30.8381
-30.8412
-30.8434
-30.8448
-30.8472
-30.8485
-30.8503
-30.8507
-30.8505
-30.8501
-30.8491
-30.8478
-30.8465
-30.8443
-30.8421
-30.8408
-30.8393
-30.838
-30.8364
-30.8337
-30.8314
-30.8301
-30.8294
-30.8291
-30.829
-30.8282
-30.8284
-30.8283
-30.8289
-30.8281
-30.8287
-30.8283
-30.8276
-30.8267
-30.8269
-30.8269
-30.8292
-30.8302
-30.8327
-30.8351
-30.8374
-30.8391
-30.8422
-30.8435
-30.8453
-30.8462
-30.8475
-30.8483
-30.8487
-30.8492
-30.8499
-30.8498
-30.85
-30.8494
-30.8492
-30.849
-30.8487
-30.8481
-30.847
-30.8457
-30.8446
-30.8433
-30.841
-30.8389
-30.837
-30.8342
-30.8326
-30.8309
-30.8297
-30.83
-30.8312
-30.8317
-30.8328
-30.8323
-30.8326
-30.8317
-30.8297
-30.8286
-30.8281
-30.8269
-30.8265
-30.8255
-30.826
-30.8259
-30.8263
-30.8264
-30.8278
-30.8283
-30.8284
-30.8277
-30.8288
-30.8296
-30.8318
-30.8325
-30.8339
-30.8327
-30.832
-30.8307
-30.8299
-30.8267
-30.8231
-30.8192
-30.8163
-30.8145
-30.8138
-30.8125
-30.8125
-30.8139
-30.8152
-30.8172
-30.8204
-30.8226
-30.824
-30.8243
-30.8247
-30.826
-30.8284
-30.8305
-30.833
-30.8348
-30.8362
-30.8363
-30.8367
-30.8374
-30.8383
-30.8398
-30.8412
-30.844
-30.8456
-30.8475
-30.8474
-30.8473
-30.847
-30.8463
-30.8458
-30.845
-30.8447
-30.8447
-30.8454
-30.8455
-30.8453
-30.8451
-30.8449
-30.8443
-30.8435
-30.8436
-30.8446
-30.8459
-30.849
-30.8528
-30.8564
-30.8605
-30.8636
-30.8664
-30.8692
-30.8729
-30.8765
-30.8787
-30.8792
-30.8792
-30.8789
-30.8779
-30.8759
-30.8752
-30.8749
-30.8736
-30.872
-30.8711
-30.8695
-30.8679
-30.8661
-30.8629
-30.8589
-30.8553
-30.8516
-30.8489
-30.8476
-30.8469
-30.8464
-30.8469
-30.847
-30.8477
-30.8488
-30.8517
-30.8554
-30.8586
-30.862
-30.8646
-30.8663
-30.8681
-30.8694
-30.8705
-30.8715
-30.871
-30.8703
-30.8684
-30.8666
-30.8653
-30.8639
-30.8624
-30.8613
-30.8613
-30.8611
-30.8617
-30.8621
-30.8621
-30.8614
-30.8596
-30.8587
-30.8595
-30.8627
-30.8669
-30.8716
-30.876
-30.8795
-30.8836
-30.8879
-30.8923
-30.8955
-30.8976
-30.8992
-30.8993
-30.8982
-30.8958
-30.8938
-30.8921
-30.891
-30.8915
-30.8926
-30.8939
-30.8947
-30.8945
-30.8945
-30.8951
-30.8965
-30.899
-30.9012
-30.9041
-30.9049
-30.9054
-30.9058
-30.9066
-30.9081
-30.9095
-30.911
-30.9116
-30.9111
-30.9098
-30.9082
-30.9067
-30.9045
-30.9025
-30.8995
-30.8963
-30.8929
-30.8894
-30.8873
-30.8864
-30.887
-30.889
-30.8918
-30.8941
-30.8951
-30.8945
-30.8939
-30.8927
-30.8912
-30.891
-30.8906
-30.8905
-30.8901
-30.8905
-30.8894
-30.8894
-30.889
-30.8893
-30.8907
-30.8921
-30.8931
-30.8943
-30.895
-30.8957
-30.8972
-30.8996
-30.9023
-30.9047
-30.9068
-30.9084
-30.9104
-30.9123
-30.9154
-30.9182
-30.92
-30.92
-30.918
-30.9138
-30.9089
-30.9026
-30.8973
-30.8929
-30.8897
-30.8885
-30.8884
-30.8885
-30.888
-30.8876
-30.8867
-30.8851
-30.8836
-30.883
-30.8828
-30.8827
-30.8832
-30.8829
-30.8829
-30.8829
-30.8836
-30.8841
-30.8836
-30.8837
-30.8822
-30.8797
-30.8761
-30.871
-30.8661
-30.8616
-30.8578
-30.8548
-30.8524
-30.8496
-30.8485
-30.847
-30.8458
-30.8464
-30.8486
-30.8506
-30.8522
-30.8532
-30.8541
-30.8554
-30.8564
-30.8585
-30.8613
-30.8645
-30.8667
-30.8685
-30.8697
-30.8702
-30.8689
-30.8668
-30.8639
-30.8611
-30.8577
-30.8531
-30.8478
-30.8436
-30.8397
-30.8364
-30.834
-30.8317
-30.8309
-30.8313
-30.8324
-30.835
-30.8374
-30.8402
-30.8418
-30.8447
-30.8476
-30.8497
-30.8527
-30.8565
-30.8589
-30.8609
-30.8622
-30.8622
-30.8611
-30.8607
-30.859
-30.8568
-30.8548
-30.8522
-30.8494
-30.8471
-30.8436
-30.8393
-30.8351
-30.8303
-30.8267
-30.8242
-30.8225
-30.8233
-30.8252
-30.8282
-30.8317
-30.8349
-30.8388
-30.843
-30.8461
-30.8495
-30.8521
-30.8526
-30.8517
-30.8493
-30.8465
-30.843
-30.8393
-30.8355
-30.8329
-30.8299
-30.827
-30.8249
-30.8237
-30.8227
-30.8209
-30.8196
-30.8188
-30.8175
-30.8155
-30.8147
-30.8139
-30.8138
-30.8129
-30.8134
-30.8143
-30.8151
-30.8158
-30.8171
-30.818
-30.8183
-30.8193
-30.8208
-30.8216
-30.8219
-30.8216
-30.822
-30.82
-30.8182
-30.8154
-30.8111
-30.8058
-30.8021
-30.7968
-30.7924
-30.7881
-30.785
-30.7823
-30.7813
-30.7805
-30.7815
-30.7823
-30.784
-30.7849
-30.7867
-30.7885
-30.7905
-30.7913
-30.7939
-30.7948
-30.7973
-30.7995
-30.8029
-30.8047
-30.8073
-30.8084
-30.8102
-30.8105
-30.8108
-30.8101
-30.8113
-30.8118
-30.8128
-30.8133
-30.815
-30.8152
-30.8166
-30.8158
-30.8151
-30.814
-30.8134
-30.8115
-30.81
-30.8074
-30.8051
-30.8015
-30.7988
-30.7956
-30.794
-30.7918
-30.7906
-30.7891
-30.7876
-30.7865
-30.7862
-30.7852
-30.7853
-30.7852
-30.7855
-30.786
-30.7859
-30.786
-30.7868
-30.7876
-30.7883
-30.7891
-30.7912
-30.7935
-30.797
-30.7991
-30.8015
-30.8031
-30.805
-30.8059
-30.8075
-30.8079
-30.8081
-30.8065
-30.8061
-30.8058
-30.8056
-30.8052
-30.8062
-30.8069
-30.8079
-30.808
-30.809
-30.8102
-30.8118
-30.8122
-30.8135
-30.814
-30.8146
-30.8155
-30.8166
-30.8173
-30.8183
-30.8189
-30.8196
-30.8202
-30.8205
-30.8203
-30.821
-30.8217
-30.8229
-30.8239
-30.8253
-30.8271
-30.8278
-30.8289
-30.831
-30.8316
-30.8336
-30.8348
-30.8345
-30.8354
-30.8357
-30.8348
-30.8349
-30.8346
-30.833
-30.8328
-30.8326
-30.832
-30.8322
-30.8317
-30.8298
-30.8287
-30.8275
-30.8267
-30.8268
-30.8264
-30.8262
-30.8277
-30.8284
-30.83
-30.8325
-30.835
-30.8377
-30.8412
-30.8443
-30.8464
-30.8486
-30.85
-30.8501
-30.8515
-30.853
-30.8538
-30.854
-30.8542
-30.8543
-30.8544
-30.8539
-30.8543
-30.8544
-30.8541
-30.8526
-30.8517
-30.8514
-30.8512
-30.8509
-30.8521
-30.8529
-30.8535
-30.8536
-30.8546
-30.8554
-30.8561
-30.8558
-30.8559
-30.8558
-30.8552
-30.854
-30.8522
-30.8512
-30.8504
-30.8494
-30.8478
-30.8463
-30.8453
-30.8445
-30.8433
-30.842
-30.8401
-30.839
-30.8379
-30.8366
-30.8355
-30.8334
-30.8309
-30.8293
-30.8277
-30.8257
-30.8246
-30.8225
-30.8207
-30.8199
-30.8193
-30.8188
-30.8187
-30.8187
-30.8183
-30.818
-30.8177
-30.8175
-30.8175
-30.8171
-30.8167
-30.8163
-30.8154
-30.8148
-30.8144
-30.8142
-30.8141
-30.814
-30.8141
-30.8151
-30.8158
-30.8167
-30.8175
-30.8183
-30.819
-30.8195
-30.8197
-30.82
-30.8203
-30.8203
-30.8203
-30.8208
-30.8204
-30.8204
-30.8192
-30.8188
-30.8185
-30.8184
-30.8181
-30.8177
-30.8173
-30.8168
-30.8164
-30.8158
-30.8153
-30.8148
-30.8144
-30.814
-30.8143
-30.8142
-30.8142
-30.8137
-30.8135
-30.8133
-30.8134
-30.8137
-30.8138
-30.8142
-30.8145
-30.8148
-30.8149
-30.8153
-30.8155
-30.8157
-30.8159
-30.8159
-30.8159
-30.8159
-30.816
-30.8159
-30.8159
-30.8158
-30.8158
-30.8157
-30.8162
-30.8166
-30.8168
-30.817
-30.817
-30.817
-30.8171
-30.8171
-30.8168
-30.816
-30.8156
-30.8151
-30.8146
-30.8141
-30.8137
-30.8132
-30.8133
-30.8137
-30.8139
-30.8141
-30.8142
-30.8143
-30.8143
-30.8143
-30.8142
-30.8141
-30.814
-30.8139
-30.8138
-30.8141
-30.8143
-30.8144
-30.8144
-30.8144
-30.8145
-30.8145
-30.8146
-30.8146
-30.8145
-30.8145
-30.8144
-30.8143
-30.8141
-30.814
-30.8138
-30.8137
-30.8136
-30.8136
-30.8134
-30.8133
-30.8133
-30.8132
-30.8131
-30.813
-30.8129
-30.8123
-30.8117
-30.8113
-30.8109
-30.8106
-30.8103
-30.8101
-30.8099
-30.8097
-30.8096
-30.8095
-30.8094
-30.8093
-30.8091
-30.809
-30.8088
-30.8088
-30.8087
-30.8086
-30.8086
-30.8085
-30.8084
-30.8083
-30.8083
-30.8082
-30.8085
-30.8088
-30.809
-30.8091
-30.8092
-30.8093
-30.8092
-30.8092
-30.8092
-30.8092
-30.8092
-30.8092
-30.8092
-30.8092
-30.8091
-30.8091
-30.809
-30.809
-30.809
-30.8089
-30.8089
-30.8088
-30.8088
-30.8088
-30.8088
-30.8087
-30.8087
-30.8086
-30.8086
-30.8086
-30.8085
-30.8085
-30.8085
-30.8084
-30.8084
-30.8083
-30.8082
-30.8081
-30.8081
-30.8081
-30.808
-30.808
-30.808
-30.808
-30.808
-30.8079
-30.8079
-30.8079
-30.8078
-30.8078
-30.8078
-30.8077
-30.8077
-30.8077
-30.8077
-30.8077
-30.8077
-30.8077
-30.8077
-30.8076
-30.8076
-30.8076
-30.8075
-30.8074
-30.8074
-30.8073
-30.8073
-30.8073
-30.8072
-30.8072
-30.8072
-30.8072
-30.8072
-30.8072
-30.8072
-30.8072
-30.8072
-30.8072
-30.8072
-30.8072
-30.8072
-30.8072
-30.8072
-30.8072
-30.8072
-30.8072
-30.8072
-30.8072
-30.8072
-30.8072
-30.8072
-30.8072
-30.8072
-30.8072
-30.8072
-30.8072
-30.8072
-30.8072
-30.8072
-30.8075
-30.8078
-30.808
-30.8082
-30.8089
-30.8095
-30.8099
-30.8103
-30.8106
-30.8108
-30.811
-30.8112
-30.8113
-30.8114
-30.8114
-30.8115
-30.8116
-30.8116
-30.8116
-30.8117
-30.8117
-30.8117
-30.8117
-30.8117
-30.8117
-30.8117
-30.8118
-30.8118
-30.8118
-30.8118
-30.8118
-30.8118
-30.8118
-30.8118
-30.8118
-30.8118
-30.8118
-30.8118
-30.8118
-30.8118
-30.8118
-30.8118
-30.8118
-30.8118
-30.8118
-30.8118
-30.8118
-30.8118
-30.8118
-30.8118
-30.8118
-30.8118
-30.8118
-30.8118
-30.8118
-30.8118
-30.8118
-30.8118
-30.8118
-30.8118
-30.8118
-30.8118
-30.8118
-30.8118
-30.8118
-30.8118
-30.8118
-30.8118
-30.8118
-30.8118
-30.8118
-30.8118
-30.8118
-30.8118
-30.8118
-30.8118
-30.8118
-30.8118
-30.8118
-30.8118
-30.8118
-30.8118
-30.8118
-30.8118
-30.8118
-30.8119
-30.8119
-30.8119
-30.8119
-30.8119
-30.8119
-30.8119
-30.8119
-30.8119
-30.8119
-30.8119
-30.8119
-30.8119
-30.8119
-30.8119
-30.8119
-30.8119
-30.8119
-30.8119
-30.8119
-30.8119
-30.8119
-30.8119
-30.8119
-30.8119
-30.8119
-30.8118
-30.8118
-30.8118
-30.8118
-30.8117
-30.8117
-30.8117
-30.8117
-30.8117
-30.8117
-30.8117
-30.8117
-30.8117
-30.8117
-30.8117
-30.8117
-30.8117
-30.8117
-30.8117
-30.8117
-30.8117
-30.8117
-30.8117
-30.8117
-30.8117
-30.8117
-30.8117
-30.8117
-30.8117
-30.8117
-30.8117
-30.8117
-30.8117
-30.8117
-30.8117
-30.8117
-30.8117
-30.8117
-30.8117
-30.8117
-30.8117
-30.8117
-30.8117
-30.8117
-30.8116
-30.8115
-30.8114
-30.8113
-30.8112
-30.8111
-30.811
-30.8109
-30.8108
-30.8107
-30.8107
-30.8106
-30.8106
-30.8105
-30.8108
-30.8105
-30.8104
-30.8102
-30.8101
-30.8099
-30.8097
-30.8096
-30.8095
-30.8094
-30.8094
-30.8096
-30.8093
-30.8088
-30.8083
-30.8084
-30.8078
-30.8072
-30.8067
-30.8072
-30.807
-30.807
-30.8066
-30.8055
-30.8051
-30.8047
-30.8047
-30.8041
-30.8035
-30.803
-30.8025
-30.8021
-30.8025
-30.803
-30.8027
-30.8029
-30.803
-30.8029
-30.8023
-30.8023
-30.8007
-30.8
-30.8002
-30.7995
-30.7986
-30.7979
-30.7973
-30.797
-30.7965
-30.7957
-30.7948
-30.7939
-30.7929
-30.7919
-30.7904
-30.7894
-30.7884
-30.786
-30.784
-30.7828
-30.7812
-30.7784
-30.776
-30.7741
-30.773
-30.7707
-30.7676
-30.7652
-30.7627
-30.7613
-30.7609
-30.7596
-30.7592
-30.7593
-30.7589
-30.7591
-30.7587
-30.7582
-30.7581
-30.7581
-30.7578
-30.7582
-30.7584
-30.7573
-30.7573
-30.758
-30.7578
-30.7577
-30.7566
-30.754
-30.7515
-30.7493
-30.7475
-30.7455
-30.7433
-30.7415
-30.7393
-30.7377
-30.7358
-30.7345
-30.7323
-30.7305
-30.7277
-30.7251
-30.7206
-30.7161
-30.7117
-30.7078
-30.7032
-30.6995
-30.6969
-30.6953
-30.6942
-30.6928
-30.6921
-30.692
-30.6915
-30.6911
-30.69
-30.6891
-30.6879
-30.688
-30.6876
-30.6879
-30.6889
-30.6904
-30.6915
-30.6924
-30.6939
-30.6949
-30.6951
-30.6959
-30.6947
-30.6947
-30.6937
-30.6926
-30.6913
-30.6909
-30.6911
-30.692
-30.6911
-30.6907
-30.6889
-30.6881
-30.6851
-30.6823
-30.6785
-30.6758
-30.6731
-30.6698
-30.6659
-30.6625
-30.6579
-30.6535
-30.6487
-30.6447
-30.6408
-30.6378
-30.6354
-30.6339
-30.633
-30.6325
-30.632
-30.6307
-30.6306
-30.6311
-30.6326
-30.6344
-30.6374
-30.6405
-30.6433
-30.645
-30.6454
-30.6452
-30.6446
-30.6437
-30.6432
-30.642
-30.6411
-30.6401
-30.6379
-30.6354
-30.6328
-30.6312
-30.6295
-30.6284
-30.6269
-30.6249
-30.6225
-30.6204
-30.6191
-30.6188
-30.6203
-30.6237
-30.6259
-30.6291
-30.6314
-30.6335
-30.6359
-30.6377
-30.6391
-30.6395
-30.641
-30.6415
-30.6405
-30.6397
-30.641
-30.6429
-30.6448
-30.6484
-30.6518
-30.6545
-30.6572
-30.6591
-30.6607
-30.6623
-30.6628
-30.6632
-30.6622
-30.6611
-30.6598
-30.6589
-30.658
-30.6549
-30.6497
-30.6434
-30.6377
-30.6328
-30.6283
-30.6241
-30.6218
-30.6207
-30.6204
-30.621
-30.6209
-30.62
-30.6184
-30.6165
-30.6154
-30.6146
-30.6126
-30.6109
-30.6095
-30.6092
-30.61
-30.6105
-30.6094
-30.6081
-30.6075
-30.6085
-30.6107
-30.6143
-30.6185
-30.6222
-30.6254
-30.6284
-30.6303
-30.6309
-30.6298
-30.6278
-30.6276
-30.6284
-30.6277
-30.6262
-30.6256
-30.6252
-30.624
-30.6226
-30.6215
-30.6206
-30.6222
-30.625
-30.6276
-30.6275
-30.6258
-30.6243
-30.6204
-30.6159
-30.611
-30.6082
-30.6066
-30.607
-30.6066
-30.6054
-30.6042
-30.6034
-30.6026
-30.6016
-30.603
-30.6052
-30.6076
-30.6094
-30.6092
-30.6097
-30.6115
-30.6127
-30.613
-30.6143
-30.6163
-30.6187
-30.6185
-30.6168
-30.6149
-30.6144
-30.6157
-30.6177
-30.6193
-30.621
-30.6233
-30.6252
-30.6259
-30.6267
-30.6294
-30.6318
-30.6334
-30.633
-30.6319
-30.6315
-30.6303
-30.6294
-30.6306
-30.6303
-30.6306
-30.6306
-30.6303
-30.6305
-30.6326
-30.6334
-30.6343
-30.636
-30.6367
-30.6367
-30.6373
-30.6401
-30.6451
-30.65
-30.6539
-30.6589
-30.6628
-30.6662
-30.6702
-30.6747
-30.6784
-30.6804
-30.6819
-30.6847
-30.687
-30.6885
-30.6907
-30.694
-30.6963
-30.6955
-30.6934
-30.6918
-30.6912
-30.6889
-30.6854
-30.6822
-30.6798
-30.6771
-30.6752
-30.6759
-30.6773
-30.6788
-30.6803
-30.6824
-30.6844
-30.6859
-30.6874
-30.6902
-30.6944
-30.6973
-30.7004
-30.705
-30.7085
-30.711
-30.7136
-30.7172
-30.721
-30.7215
-30.7221
-30.7237
-30.7231
-30.7215
-30.7208
-30.7204
-30.7194
-30.7169
-30.7156
-30.7133
-30.71
-30.7082
-30.7086
-30.7101
-30.7111
-30.7121
-30.715
-30.7173
-30.7186
-30.7223
-30.7253
-30.7261
-30.727
-30.7289
-30.7307
-30.7325
-30.7362
-30.7405
-30.7434
-30.7469
-30.751
-30.7537
-30.7546
-30.7552
-30.7553
-30.7538
-30.7519
-30.7517
-30.7508
-30.748
-30.7463
-30.7445
-30.7415
-30.7384
-30.7361
-30.733
-30.7288
-30.7258
-30.7243
-30.7222
-30.7215
-30.7218
-30.7226
-30.7217
-30.7221
-30.7236
-30.7261
-30.7262
-30.7262
-30.7269
-30.7246
-30.7232
-30.7224
-30.7213
-30.7195
-30.7196
-30.7192
-30.7173
-30.7151
-30.7145
-30.7145
-30.7133
-30.7131
-30.7138
-30.7154
-30.7165
-30.718
-30.7195
-30.7203
-30.7215
-30.7232
-30.7258
-30.7287
-30.7327
-30.7369
-30.7391
-30.7406
-30.7422
-30.7439
-30.7442
-30.7461
-30.7464
-30.7448
-30.7445
-30.7434
-30.7413
-30.7402
-30.7413
-30.7432
-30.7417
-30.7417
-30.7443
-30.7474
-30.752
-30.757
-30.7623
-30.7644
-30.7668
-30.7696
-30.7714
-30.7708
-30.7722
-30.7727
-30.771
-30.7698
-30.7705
-30.772
-30.7741
-30.7756
-30.7777
-30.7799
-30.7806
-30.7831
-30.7887
-30.7941
-30.8006
-30.8073
-30.8151
-30.8222
-30.8306
-30.8407
-30.8496
-30.856
-30.8615
-30.8678
-30.8723
-30.8771
-30.8836
-30.8912
-30.8973
-30.9014
-30.9058
-30.9102
-30.9153
-30.921
-30.9258
-30.9294
-30.9337
-30.9398
-30.9448
-30.9515
-30.9599
-30.9675
-30.9737
-30.9801
-30.9878
-30.9961
-31.0043
-31.0129
-31.0205
-31.027
-31.0347
-31.0424
-31.0487
-31.0547
-31.0604
-31.0651
-31.0697
-31.0764
-31.0844
-31.0912
-31.0982
-31.1061
-31.1125
-31.1195
-31.1279
-31.1375
-31.1465
-31.1558
-31.1652
-31.1739
-31.1832
-31.195
-31.2058
-31.2149
-31.2243
-31.2338
-31.2411
-31.249
-31.2585
-31.2669
-31.2747
-31.2836
-31.2919
-31.3007
-31.3112
-31.3203
-31.3285
-31.3379
-31.3502
-31.3623
-31.3739
-31.3877
-31.4013
-31.4131
-31.4247
-31.4379
-31.4512
-31.4632
-31.4749
-31.4864
-31.498
-31.5101
-31.5226
-31.5358
-31.5502
-31.5649
-31.5786
-31.5944
-31.6114
-31.628
-31.6451
-31.6638
-31.6834
-31.7025
-31.7221
-31.7403
-31.7593
-31.7781
-31.7958
-31.8141
-31.8338
-31.8523
-31.8694
-31.8873
-31.9058
-31.9231
-31.941
-31.9589
-31.9757
-31.993
-32.0112
-32.0288
-32.0473
-32.0667
-32.0854
-32.1054
-32.1264
-32.1475
-32.1675
-32.1883
-32.2098
-32.2315
-32.2531
-32.2763
-32.2989
-32.321
-32.3439
-32.3676
-32.3902
-32.4135
-32.4368
-32.4587
-32.4815
-32.5043
-32.5258
-32.5483
-32.5703
-32.5898
-32.6111
-32.6333
-32.6527
-32.6722
-32.6928
-32.7115
-32.7324
-32.7542
-32.7758
-32.7972
-32.8191
-32.8407
-32.8636
-32.8887
-32.9117
-32.9337
-32.9576
-32.9821
-33.006
-33.03
-33.053
-33.0738
-33.0959
-33.119
-33.1415
-33.165
-33.1875
-33.2075
-33.2287
-33.2522
-33.2753
-33.2975
-33.3211
-33.3442
-33.3663
-33.39
-33.4149
-33.4389
-33.4619
-33.4854
-33.5088
-33.5314
-33.5547
-33.5786
-33.6028
-33.625
-33.6475
-33.6699
-33.6911
-33.7123
-33.7334
-33.7536
-33.7717
-33.7904
-33.8107
-33.8308
-33.8491
-33.867
-33.886
-33.9049
-33.9242
-33.9441
-33.9647
-33.9857
-34.0057
-34.0249
-34.0439
-34.0627
-34.0821
-34.1017
-34.1212
-34.1409
-34.1593
-34.1755
-34.1908
-34.2073
-34.2243
-34.2423
-34.2601
-34.2775
-34.2947
-34.3116
-34.3279
-34.3421
-34.3546
-34.3673
-34.3805
-34.3943
-34.408
-34.4211
-34.4341
-34.4468
-34.4591
-34.4728
-34.4853
-34.4978
-34.5098
-34.5204
-34.5303
-34.5396
-34.5487
-34.5573
-34.5673
-34.5766
-34.5854
-34.5936
-34.6
-34.6043
-34.6083
-34.6121
-34.6155
-34.6177
-34.6208
-34.623
-34.6253
-34.629
-34.6316
-34.6336
-34.6367
-34.6387
-34.6409
-34.6429
-34.6457
-34.6477
-34.6505
-34.653
-34.6546
-34.6571
-34.6596
-34.6611
-34.6617
-34.6621
-34.6624
-34.6621
-34.6611
-34.6583
-34.6554
-34.6523
-34.6483
-34.6433
-34.6371
-34.6303
-34.6223
-34.6131
-34.603
-34.5917
-34.5802
-34.5681
-34.5547
-34.5414
-34.5272
-34.5118
-34.4965
-34.4821
-34.4684
-34.4557
-34.4427
-34.4285
-34.4133
-34.3975
-34.3802
-34.3624
-34.3439
-34.3277
-34.3109
-34.2933
-34.273
-34.2525
-34.2345
-34.2172
-34.1996
-34.1803
-34.1604
-34.1396
-34.117
-34.0931
-34.0683
-34.043
-34.0182
-33.9931
-33.9652
-33.9359
-33.908
-33.8799
-33.8515
-33.8245
-33.7973
-33.7688
-33.7387
-33.7086
-33.6789
-33.6492
-33.6175
-33.5853
-33.5515
-33.5155
-33.4806
-33.4464
-33.4101
-33.3728
-33.3369
-33.3005
-33.262
-33.2229
-33.1846
-33.1454
-33.1074
-33.0682
-33.0288
-32.9894
-32.9477
-32.9051
-32.864
-32.8215
-32.7791
-32.7369
-32.6928
-32.6485
-32.6036
-32.5576
-32.5135
-32.4686
-32.4217
-32.3763
-32.329
-32.2825
-32.2354
-32.1879
-32.1408
-32.0914
-32.0434
-31.9957
-31.9462
-31.8964
-31.8437
-31.7899
-31.7376
-31.6847
-31.634
-31.5813
-31.53
-31.4768
-31.4222
-31.37
-31.3145
-31.2579
-31.1993
-31.143
-31.085
-31.0265
-30.9686
-30.9074
-30.848
-30.7866
-30.7267
-30.6647
-30.6019
-30.5383
-30.4755
-30.412
-30.3483
-30.2848
-30.219
-30.1522
-30.0837
-30.015
-29.9459
-29.878
-29.8063
-29.7362
-29.6652
-29.5959
-29.524
-29.4518
-29.3788
-29.3059
-29.236
-29.1637
-29.0926
-29.0204
-28.9477
-28.8752
-28.8039
-28.733
-28.6609
-28.5914
-28.5177
-28.4435
-28.3667
-28.2921
-28.2181
-28.1447
-28.0684
-27.9915
-27.9116
-27.8339
-27.757
-27.6779
-27.5983
-27.5165
-27.4342
-27.3508
-27.2664
-27.1813
-27.0931
-27.0038
-26.9113
-26.8166
-26.7188
-26.6203
-26.5228
-26.4206
-26.3197
-26.2166
-26.1117
-26.0069
-25.8984
-25.791
-25.6831
-25.5752
-25.468
-25.3595
-25.2491
-25.1393
-25.0281
-24.9177
-24.8078
-24.6948
-24.5803
-24.4636
-24.3446
-24.2249
-24.1028
-23.9802
-23.8545
-23.7257
-23.5941
-23.4617
-23.3237
-23.1864
-23.051
-22.9137
-22.7771
-22.6381
-22.498
-22.3592
-22.2205
-22.08
-21.941
-21.8012
-21.6606
-21.5185
-21.3786
-21.2375
-21.0955
-20.9514
-20.8048
-20.657
-20.5084
-20.3589
-20.2057
-20.049
-19.8928
-19.7356
-19.5749
-19.4147
-19.2525
-19.0872
-18.921
-18.752
-18.5794
-18.4067
-18.2336
-18.0582
-17.8817
-17.703
-17.5226
-17.3404
-17.1539
-16.9654
-16.7772
-16.5871
-16.3944
-16.2031
-16.0072
-15.8121
-15.6152
-15.4187
-15.2222
-15.024
-14.8232
-14.6184
-14.4121
-14.2045
-13.993
-13.7801
-13.5642
-13.3473
-13.1262
-12.905
-12.681
-12.4579
-12.2323
-12.0074
-11.7793
-11.5521
-11.3228
-11.0933
-10.8606
-10.6281
-10.3962
-10.1633
-9.92776
-9.69176
-9.45394
-9.21637
-8.97752
-8.7391
-8.50187
-8.26249
-8.02142
-7.77959
-7.53484
-7.28953
-7.04379
-6.79749
-6.54761
-6.29816
-6.04824
-5.79751
-5.54562
-5.29451
-5.04439
-4.79302
-4.53984
-4.28649
-4.03257
-3.77826
-3.5229
-3.26824
-3.01062
-2.75313
-2.49637
-2.23937
-1.98129
-1.72537
-1.46809
-1.21171
-0.954711
-0.696332
-0.435362
-0.174926
0.0843246
0.344734
0.606201
0.86783
1.12757
1.38536
1.64145
1.89397
2.14478
2.39534
2.64855
2.90409
3.16128
3.42201
3.68228
3.94204
4.2031
4.46282
4.72557
4.98837
5.25165
5.51555
5.78174
6.04862
6.31534
6.58116
6.8467
7.11363
7.37985
7.64303
7.90483
8.16588
8.42636
8.68433
8.94169
9.19551
9.44794
9.70027
9.95224
10.2057
10.458
10.7108
10.962
11.2124
11.4584
11.7036
11.9467
12.19
12.4303
12.6704
12.9072
13.1447
13.3787
13.6172
13.8533
14.0868
14.3214
14.5574
14.7929
15.025
15.2566
15.4869
15.7147
15.9396
16.1641
16.3881
16.6107
16.8333
17.0545
17.2758
17.4951
17.7113
17.9259
18.1354
18.3429
18.5496
18.7527
18.9552
19.1549
19.349
19.5458
19.7396
19.9297
20.1203
20.3106
20.5002
20.6904
20.8802
21.0721
21.2639
21.4561
21.6487
21.838
22.023
22.2094
22.3941
22.5764
22.7552
22.9319
23.1044
23.2787
23.4496
23.6173
23.7846
23.9516
24.1163
24.2798
24.4421
24.6021
24.7617
24.924
25.084
25.2392
25.3919
25.5408
25.6875
25.8354
25.9813
26.1236
26.2626
26.3987
26.5332
26.666
26.7967
26.9262
27.0528
27.177
27.3005
27.4233
27.5446
27.6647
27.7831
27.9
28.0179
28.1338
28.2474
28.3618
28.4761
28.5879
28.6987
28.814
28.9289
29.0399
29.1522
29.2635
29.3737
29.4818
29.5906
29.7
29.8079
29.9157
30.0221
30.1265
30.2321
30.3372
30.4396
30.5401
30.6404
30.7368
30.8318
30.9249
31.0172
31.1072
31.1961
31.2837
31.3741
31.4575
31.543
31.6265
31.7113
31.7958
31.878
31.9594
32.0401
32.1203
32.1999
32.2803
32.36
32.4398
32.5178
32.5961
32.6728
32.748
32.823
32.898
32.9698
33.041
33.1147
33.1852
33.2561
33.3248
33.393
33.4604
33.5247
33.5891
33.6526
33.715
33.7774
33.8396
33.9023
33.9642
34.0256
34.0873
34.1481
34.2076
34.2676
34.327
34.3855
34.4444
34.5026
34.5627
34.6209
34.6786
34.7375
34.7954
34.8528
34.9115
34.9685
35.0243
35.0806
35.1352
35.1906
35.2463
35.3001
35.3535
35.408
35.4618
35.5166
35.5717
35.6248
35.6766
35.7292
35.78
35.8308
35.8811
35.9309
35.9789
36.0257
36.0718
36.1169
36.1609
36.2051
36.2481
36.2889
36.3283
36.3681
36.4069
36.4439
36.4798
36.5146
36.5506
36.5856
36.6207
36.6566
36.6922
36.7263
36.759
36.7913
36.8232
36.8547
36.8855
36.915
36.9437
36.974
37.0043
37.0344
37.0647
37.0944
37.1246
37.1542
37.183
37.2113
37.2395
37.2669
37.2941
37.3209
37.3481
37.3741
37.3984
37.4213
37.4427
37.4632
37.484
37.5046
37.5258
37.5469
37.5668
37.5856
37.6052
37.6246
37.6434
37.6632
37.6833
37.7033
37.7227
37.7419
37.7614
37.7808
37.7986
37.8163
37.8327
37.8473
37.8608
37.8737
37.8857
37.8967
37.9066
37.9155
37.9236
37.9313
37.9387
37.9456
37.9527
37.9596
37.9673
37.975
37.9821
37.9892
37.9955
38.0019
38.0084
38.0146
38.0203
38.0252
38.0307
38.0347
38.0384
38.0404
38.0422
38.0439
38.0446
38.0454
38.0452
38.045
38.0438
38.043
38.0397
38.0373
38.0314
38.0254
38.0174
38.0105
38.0013
37.9927
37.9827
37.9723
37.9619
37.95
37.9376
37.9256
37.9131
37.9024
37.8914
37.8798
37.8693
37.8591
37.8507
37.8429
37.834
37.8255
37.8164
37.8069
37.7977
37.7863
37.7745
37.7621
37.7486
37.7346
37.7199
37.7055
37.6893
37.6725
37.6549
37.6375
37.6198
37.6011
37.5812
37.5618
37.5428
37.5231
37.5025
37.4833
37.4636
37.4427
37.4218
37.4005
37.378
37.3562
37.3354
37.3141
37.2904
37.2672
37.2451
37.2223
37.1986
37.1759
37.1524
37.1277
37.1037
37.0799
37.0565
37.0326
37.0085
36.9845
36.9605
36.9367
36.9087
36.882
36.8561
36.8289
36.802
36.776
36.7477
36.7202
36.6929
36.6639
36.6344
36.6055
36.5763
36.5492
36.5233
36.4972
36.4734
36.4513
36.4286
36.4056
36.3837
36.3601
36.3361
36.3138
36.2908
36.2672
36.2446
36.2212
36.1975
36.1741
36.1503
36.1262
36.1025
36.079
36.0558
36.0327
36.0103
35.988
35.965
35.9424
35.9197
35.8965
35.8736
35.8516
35.8281
35.8045
35.7826
35.7589
35.7348
35.711
35.6871
35.6632
35.6399
35.6174
35.594
35.5716
35.5488
35.5242
35.499
35.4722
35.444
35.4183
35.3928
35.367
35.3417
35.3165
35.2911
35.2646
35.2386
35.2116
35.1852
35.1607
35.1361
35.1127
35.0903
35.0676
35.0447
35.0223
35.0017
34.9795
34.9576
34.9369
34.9169
34.8965
34.8769
34.8575
34.8379
34.8184
34.8001
34.7823
34.7642
34.7469
34.7305
34.7136
34.6968
34.6803
34.6654
34.6509
34.6358
34.6216
34.6084
34.5941
34.5789
34.5637
34.5492
34.5337
34.5186
34.504
34.4906
34.4768
34.4622
34.4479
34.4334
34.4189
34.4042
34.39
34.3773
34.3645
34.3516
34.3394
34.3274
34.3165
34.3038
34.2912
34.2789
34.2671
34.2559
34.2434
34.2318
34.2202
34.2088
34.1967
34.1853
34.1739
34.1632
34.1513
34.1398
34.1284
34.1179
34.1064
34.0949
34.0837
34.0732
34.0631
34.0532
34.0431
34.0332
34.0236
34.0151
34.0081
34.0004
33.9926
33.9854
33.9791
33.9729
33.9665
33.9598
33.953
33.9462
33.9396
33.9334
33.9259
33.9194
33.9136
33.9098
33.9059
33.902
33.8977
33.8938
33.8894
33.8852
33.8816
33.8779
33.8735
33.8701
33.8665
33.8633
33.8604
33.858
33.8557
33.8529
33.8498
33.8463
33.8434
33.841
33.8384
33.8351
33.8322
33.8297
33.8269
33.8246
33.8218
33.8183
33.8164
33.8144
33.8129
33.8106
33.8088
33.805
33.8012
33.7966
33.7925
33.7895
33.7867
33.7828
33.7781
33.7742
33.7697
33.7658
33.763
33.7602
33.7568
33.7537
33.7497
33.746
33.7422
33.7391
33.7362
33.734
33.7316
33.7284
33.7248
33.7226
33.7196
33.7173
33.7153
33.7134
33.7103
33.7075
33.7049
33.703
33.7011
33.699
33.6955
33.6914
33.6867
33.6819
33.6779
33.6752
33.6731
33.6706
33.6681
33.6656
33.6634
33.6618
33.6608
33.6602
33.6585
33.6572
33.6542
33.6505
33.6471
33.643
33.64
33.6364
33.6325
33.6292
33.6247
33.6212
33.6175
33.6142
33.6119
33.6097
33.6069
33.6051
33.6018
33.5999
33.5971
33.5958
33.5943
33.5935
33.5924
33.5919
33.5911
33.5906
33.5897
33.5887
33.5876
33.5858
33.5845
33.5838
33.5831
33.5826
33.5808
33.5797
33.5774
33.5756
33.5733
33.5733
33.5725
33.5729
33.5722
33.5712
33.5691
33.5686
33.5676
33.5666
33.5657
33.5659
33.5659
33.5658
33.566
33.5674
33.5679
33.569
33.5698
33.5704
33.5705
33.5713
33.5713
33.5721
33.5721
33.573
33.5718
33.5719
33.5704
33.5696
33.5689
33.5685
33.5674
33.5673
33.5676
33.5692
33.5697
33.5711
33.5719
33.573
33.573
33.5727
33.5725
33.5727
33.5727
33.573
33.5733
33.5747
33.5762
33.5776
33.5788
33.5805
33.5818
33.5836
33.5837
33.5832
33.5825
33.5828
33.5825
33.5831
33.583
33.5833
33.5838
33.5854
33.5867
33.5883
33.5888
33.59
33.5919
33.5936
33.5951
33.5962
33.5973
33.5979
33.5994
33.6006
33.6014
33.6023
33.6021
33.6025
33.603
33.603
33.6033
33.6049
33.6052
33.6056
33.606
33.6054
33.6045
33.6041
33.6037
33.6045
33.6057
33.6062
33.6059
33.6071
33.6068
33.6071
33.6088
33.6104
33.6119
33.6133
33.6148
33.6157
33.6172
33.6182
33.6185
33.62
33.62
33.6197
33.6198
33.6186
33.6182
33.6183
33.6179
33.6172
33.6166
33.6168
33.6166
33.6158
33.6161
33.6179
33.6193
33.6195
33.6196
33.62
33.6204
33.6208
33.6207
33.6211
33.6209
33.6197
33.6183
33.6177
33.617
33.6158
33.6153
33.6162
33.6174
33.6181
33.6183
33.619
33.6218
33.6246
33.6266
33.628
33.6288
33.6306
33.6327
33.6337
33.6339
33.6344
33.6365
33.638
33.6389
33.6399
33.641
33.6426
33.6436
33.6432
33.6428
33.642
33.6415
33.6418
33.6421
33.6418
33.6412
33.6403
33.6403
33.6417
33.6434
33.6441
33.6445
33.6442
33.6436
33.6438
33.6443
33.6441
33.6435
33.6427
33.6413
33.6398
33.6382
33.6376
33.6379
33.6378
33.6369
33.6362
33.6354
33.6342
33.633
33.6317
33.6313
33.6321
33.6328
33.6328
33.6324
33.6318
33.6315
33.6312
33.6312
33.6312
33.6313
33.6316
33.633
33.6355
33.6371
33.6382
33.6391
33.6395
33.64
33.6403
33.6405
33.6406
33.6408
33.6415
33.6421
33.6427
33.6441
33.6463
33.6475
33.6481
33.6484
33.6486
33.6485
33.6483
33.6483
33.6483
33.6483
33.6484
33.6484
33.6486
33.6486
33.6493
33.6499
33.6504
33.6509
33.6513
33.6515
33.6529
33.6542
33.655
33.6554
33.6554
33.656
33.6563
33.6565
33.6562
33.6561
33.6561
33.656
33.656
33.656
33.656
33.656
33.656
33.6557
33.6555
33.6552
33.6551
33.6549
33.6548
33.6547
33.6546
33.6545
33.6544
33.6544
33.6544
33.6543
33.6543
33.6543
33.6544
33.6544
33.6543
33.6543
33.6543
33.6543
33.6542
33.6542
33.6547
33.6552
33.6555
33.6558
33.6561
33.6563
33.6564
33.6566
33.6566
33.6566
33.6566
33.6567
33.6567
33.6568
33.6569
33.657
33.657
33.657
33.6571
33.6571
33.6571
33.6571
33.6571
33.6572
33.6572
33.6572
33.6572
33.6571
33.6571
33.657
33.657
33.657
33.6569
33.6569
33.6569
33.6569
33.6569
33.6569
33.6569
33.6569
33.6568
33.6568
33.6569
33.6569
33.6569
33.6569
33.6569
33.6568
33.6568
33.6567
33.6567
33.6567
33.6566
33.6566
33.6566
33.6566
33.6566
33.6566
33.6566
33.6566
33.6566
33.6565
33.6565
33.6565
33.6565
33.6564
33.6564
33.6563
33.6562
33.6561
33.656
33.656
33.6559
33.6559
33.6559
33.6558
33.6557
33.6556
33.6556
33.6561
33.6566
33.6569
33.6572
33.6575
33.6577
33.6579
33.658
33.6581
33.6582
33.6582
33.6582
33.6582
33.6582
33.6582
33.6582
33.6582
33.6582
33.6582
33.6582
33.6581
33.658
33.6579
33.6578
33.6577
33.6577
33.6576
33.6576
33.6576
33.6576
33.6575
33.6576
33.6576
33.6576
33.6576
33.6576
33.6576
33.6575
33.6574
33.6574
33.6574
33.6573
33.6573
33.6573
33.6573
33.6573
33.6573
33.6573
33.6572
33.6571
33.657
33.657
33.657
33.6569
33.6568
33.6567
33.6567
33.6567
33.6566
33.6566
33.6566
33.6566
33.6565
33.6565
33.6564
33.6563
33.6563
33.6562
33.6562
33.6562
33.6561
33.6561
33.6561
33.6561
33.6561
33.656
33.6559
33.6559
33.6558
33.6558
33.6557
33.6557
33.6557
33.6556
33.6555
33.6554
33.6553
33.6552
33.6551
33.6551
33.6549
33.6548
33.6548
33.6547
33.6546
33.6545
33.6544
33.6543
33.6542
33.6542
33.654
33.6539
33.6538
33.6538
33.6537
33.6536
33.6535
33.6534
33.6533
33.6532
33.6531
33.653
33.6528
33.6527
33.6526
33.6526
33.6525
33.6524
33.6523
33.6522
33.6522
33.6522
33.6521
33.6527
33.6531
33.6535
33.6537
33.6539
33.654
33.6542
33.6543
33.6543
33.6543
33.6543
33.6543
33.6543
33.6543
33.6543
33.6543
33.6543
33.6543
33.6543
33.6543
33.6543
33.6542
33.6541
33.654
33.654
33.654
33.6539
33.6539
33.6539
33.6539
33.6538
33.6537
33.6536
33.6536
33.6535
33.6534
33.6533
33.6533
33.6532
33.6531
33.653
33.6529
33.6529
33.6528
33.6528
33.6527
33.6527
33.6527
33.6527
33.6526
33.6526
33.6526
33.6526
33.6525
33.6524
33.6524
33.6523
33.6523
33.6523
33.6523
33.6523
33.6523
33.6523
33.6523
33.6523
33.6523
33.6523
33.6522
33.6521
33.652
33.652
33.652
33.6519
33.6519
33.6518
33.6517
33.6517
33.6516
33.6515
33.6515
33.6515
33.6514
33.6513
33.6512
33.6511
33.6511
33.651
33.651
33.651
33.651
33.6509
33.6509
33.6509
33.651
33.651
33.6509
33.6508
33.6508
33.6507
33.6507
33.6506
33.6506
33.6506
33.6506
33.6506
33.6505
33.6505
33.6505
33.6505
33.6505
33.6505
33.6505
33.6505
33.6505
33.6504
33.6504
33.6504
33.6503
33.6503
33.6503
33.6503
33.6502
33.6508
33.6516
33.6527
33.6542
33.6555
33.657
33.6583
33.6592
33.6604
33.6615
33.6624
33.6631
33.6637
33.6642
33.6645
33.6647
33.6649
33.6651
33.6652
33.6662
33.668
33.6694
33.6704
33.6708
33.6711
33.6714
33.6716
33.6718
33.6719
33.672
33.6721
33.6724
33.6735
33.6746
33.6745
33.674
33.6735
33.6726
33.6718
33.6711
33.6703
33.6697
33.6701
33.6706
33.6703
33.6697
33.6684
33.6673
33.6658
33.6649
33.6644
33.6641
33.6634
33.6624
33.6615
33.6604
33.6598
33.6601
33.66
33.6596
33.6586
33.6573
33.6561
33.6564
33.6561
33.6552
33.6537
33.6521
33.6511
33.651
33.6506
33.65
33.6488
33.6478
33.6474
33.6472
33.6462
33.6448
33.6439
33.6437
33.643
33.6411
33.6388
33.6362
33.6341
33.6319
33.629
33.6264
33.6243
33.6224
33.6211
33.6193
33.6172
33.6158
33.615
33.6134
33.612
33.6105
33.6096
33.608
33.6065
33.6064
33.6063
33.6055
33.6055
33.6057
33.606
33.6057
33.6057
33.6062
33.607
33.6071
33.6073
33.6067
33.6057
33.6045
33.6045
33.6039
33.6034
33.6031
33.6025
33.6022
33.6018
33.6018
33.6016
33.6019
33.6019
33.6018
33.6026
33.6025
33.6026
33.6029
33.6026
33.603
33.6029
33.6033
33.6035
33.6038
33.6037
33.6041
33.605
33.6054
33.6065
33.6079
33.6078
33.6074
33.6074
33.6072
33.6072
33.6066
33.6045
33.6026
33.5998
33.597
33.5942
33.5918
33.5886
33.5856
33.583
33.5805
33.5785
33.5768
33.5748
33.5726
33.5702
33.568
33.5665
33.5651
33.5643
33.5637
33.5637
33.5635
33.5634
33.5634
33.5637
33.5646
33.5664
33.5683
33.5698
33.5714
33.5724
33.5732
33.5737
33.5734
33.5715
33.5693
33.568
33.5662
33.5642
33.5627
33.5612
33.5599
33.5594
33.5592
33.5596
33.5602
33.5611
33.5609
33.5607
33.5604
33.5602
33.5603
33.5602
33.5603
33.5602
33.5604
33.5608
33.5614
33.5622
33.5629
33.5633
33.5644
33.5651
33.5656
33.5659
33.5657
33.5651
33.5649
33.5651
33.5641
33.5634
33.5624
33.562
33.561
33.5606
33.5599
33.56
33.5596
33.5597
33.5591
33.5594
33.5591
33.56
33.5613
33.5631
33.5639
33.5653
33.5667
33.5682
33.5682
33.5693
33.5703
33.572
33.5737
33.576
33.5771
33.5788
33.5805
33.5812
33.582
33.5819
33.5806
33.5796
33.5784
33.5776
33.5774
33.5774
33.5775
33.5786
33.5808
33.5826
33.584
33.5841
33.5832
33.5822
33.5817
33.5805
33.5792
33.579
33.5789
33.5796
33.5802
33.581
33.5814
33.5811
33.5809
33.5811
33.5816
33.5822
33.5826
33.5829
33.5842
33.5854
33.5857
33.5863
33.587
33.587
33.5873
33.5874
33.5877
33.5885
33.5889
33.5879
33.5872
33.5858
33.5846
33.584
33.5833
33.5831
33.5837
33.5839
33.5837
33.5828
33.5823
33.5814
33.5809
33.58
33.5801
33.5802
33.5803
33.5809
33.5806
33.5807
33.5806
33.5799
33.5789
33.5779
33.5782
33.5781
33.5789
33.5788
33.5786
33.5787
33.5793
33.5803
33.5813
33.5822
33.5822
33.5826
33.583
33.5827
33.5809
33.5801
33.5786
33.5779
33.5782
33.578
33.578
33.5778
33.5778
33.5773
33.5773
33.5771
33.5766
33.5755
33.5752
33.574
33.5713
33.5694
33.5672
33.566
33.5653
33.5647
33.5649
33.5646
33.5649
33.5647
33.5648
33.5659
33.5674
33.5691
33.5703
33.5714
33.5714
33.5694
33.5665
33.5634
33.5612
33.5608
33.5598
33.5584
33.5562
33.5541
33.5512
33.5492
33.5481
33.5474
33.5464
33.5452
33.5435
33.5425
33.5413
33.5408
33.5402
33.5412
33.5418
33.5419
33.543
33.5429
33.5428
33.5426
33.5426
33.5429
33.5427
33.5424
33.5425
33.5415
33.5406
33.5394
33.5383
33.5375
33.5367
33.5357
33.5338
33.5312
33.5296
33.5279
33.5254
33.5248
33.5243
33.5237
33.523
33.5208
33.5189
33.5172
33.5163
33.5164
33.5168
33.5183
33.5206
33.5216
33.5227
33.5237
33.5247
33.5252
33.5269
33.5282
33.53
33.5312
33.5308
33.5298
33.5286
33.5277
33.5277
33.5277
33.5279
33.5281
33.5272
33.5267
33.5264
33.5268
33.5283
33.5306
33.5317
33.5325
33.5333
33.5333
33.5339
33.5348
33.536
33.5373
33.5381
33.5387
33.5391
33.5387
33.5386
33.5386
33.5391
33.5398
33.5414
33.5432
33.5444
33.5449
33.5448
33.5453
33.5463
33.5474
33.5495
33.5514
33.5532
33.5542
33.5542
33.5538
33.5533
33.5534
33.5537
33.5556
33.5568
33.5596
33.5613
33.5628
33.5634
33.5641
33.5645
33.5642
33.5642
33.5639
33.5648
33.5654
33.5656
33.5658
33.5662
33.5668
33.5675
33.5679
33.5689
33.5692
33.5685
33.5667
33.565
33.5631
33.5619
33.5605
33.5587
33.5575
33.5563
33.5542
33.5527
33.5526
33.5529
33.5531
33.5537
33.5555
33.5576
33.5608
33.5642
33.5669
33.5691
33.5713
33.5722
33.5734
33.5749
33.5762
33.5767
33.577
33.5767
33.576
33.5747
33.5735
33.5717
33.5709
33.5698
33.5693
33.5689
33.5688
33.5666
33.5644
33.5637
33.5627
33.5619
33.5618
33.5625
33.5637
33.5652
33.5668
33.568
33.5687
33.5694
33.5703
33.5711
33.5727
33.5746
33.5771
33.5797
33.5824
33.5847
33.5866
33.588
33.5886
33.5882
33.5881
33.5874
33.5877
33.5881
33.5881
33.5881
33.5871
33.5855
33.5838
33.5833
33.5835
33.584
33.5851
33.5868
33.5888
33.5913
33.5941
33.5974
33.6002
33.6024
33.6042
33.6062
33.608
33.6109
33.6135
33.6162
33.6187
33.6206
33.6227
33.6251
33.6261
33.6279
33.6291
33.6303
33.63
33.6306
33.6299
33.6302
33.6306
33.6313
33.6314
33.6322
33.6341
33.6356
33.6361
33.6366
33.6365
33.6363
33.6341
33.6327
33.631
33.6298
33.6291
33.6286
33.6288
33.6291
33.6298
33.6311
33.6325
33.6327
33.6326
33.6325
33.6317
33.6315
33.632
33.6321
33.632
33.6326
33.6322
33.6315
33.6309
33.6307
33.6306
33.6303
33.6302
33.6294
33.629
33.6285
33.627
33.6256
33.6242
33.6235
33.6234
33.6228
33.6223
33.6225
33.6225
33.6232
33.6234
33.6237
33.6235
33.6231
33.6218
33.6212
33.621
33.6203
33.6197
33.6192
33.6192
33.6193
33.6191
33.6181
33.6178
33.6181
33.6185
33.6191
33.6193
33.6189
33.6186
33.6178
33.6173
33.6166
33.6159
33.6152
33.614
33.6122
33.6106
33.6096
33.6098
33.6097
33.6097
33.609
33.6087
33.6091
33.6095
33.6101
33.6116
33.6125
33.6135
33.613
33.6122
33.6112
33.611
33.6103
33.6102
33.6095
33.608
33.6076
33.6075
33.6067
33.607
33.6064
33.6062
33.6064
33.6079
33.6091
33.6112
33.6123
33.6134
33.6148
33.6161
33.6171
33.6189
33.6206
33.6213
33.6217
33.6223
33.6227
33.6227
33.6228
33.6227
33.6228
33.6233
33.6235
33.6237
33.6237
33.6234
33.6232
33.6233
33.6233
33.6227
33.6231
33.6239
33.6249
33.625
33.6254
33.6262
33.6271
33.6266
33.6265
33.6262
33.6252
33.6235
33.6223
33.6215
33.6209
33.6197
33.6197
33.6197
33.6195
33.6184
33.6175
33.6165
33.6153
33.6137
33.6122
33.6124
33.6123
33.6126
33.6126
33.6121
33.6118
33.6126
33.6134
33.6132
33.6125
33.6118
33.6127
33.6127
33.6117
33.6104
33.6094
33.6085
33.608
33.6072
33.6068
33.6064
33.6056
33.6058
33.6062
33.6074
33.6079
33.608
33.608
33.608
33.608
33.6094
33.6106
33.6113
33.6116
33.6121
33.6124
33.6125
33.6127
33.6142
33.6156
33.6165
33.6169
33.617
33.6167
33.6164
33.6161
33.6162
33.6177
33.619
33.6198
33.6199
33.62
33.6196
33.6193
33.6186
33.6182
33.6177
33.6173
33.6173
33.6189
33.6203
33.621
33.6211
33.6212
33.6208
33.6205
33.6202
33.6201
33.6201
33.6201
33.6202
33.6197
33.6194
33.6191
33.6192
33.6206
33.6219
33.6226
33.6228
33.6224
33.6218
33.621
33.6199
33.619
33.6179
33.617
33.6162
33.6156
33.6147
33.614
33.6134
33.6129
33.6125
33.6119
33.6113
33.6108
33.6104
33.6101
33.6099
33.6097
33.6097
33.6096
33.6095
33.6091
33.6087
33.6084
33.6081
33.6091
33.6104
33.6115
33.612
33.6121
33.6121
33.6118
33.6115
33.6113
33.611
33.6105
33.6101
33.6097
33.6094
33.6092
33.609
33.6089
33.6088
33.6086
33.6084
33.6083
33.6082
33.6082
33.6081
33.6081
33.6081
33.608
33.608
33.608
33.6076
33.6073
33.6069
33.6067
33.6065
33.6064
33.6063
33.6061
33.606
33.606
33.606
33.606
33.606
33.606
33.606
33.6059
33.6058
33.6058
33.6057
33.6057
33.6057
33.6056
33.6056
33.6056
33.6056
33.6056
33.6056
33.6056
33.6055
33.6054
33.6053
33.6053
33.6052
33.6052
33.6052
33.6051
33.6051
33.6051
33.6051
33.6058
33.6063
33.6067
33.6071
33.6074
33.6077
33.6078
33.6078
33.6079
33.608
33.608
33.6081
33.6081
33.6081
33.6081
33.6081
33.6081
33.6082
33.6082
33.6083
33.6083
33.6083
33.6083
33.6082
33.6082
33.6081
33.6081
33.6081
33.608
33.608
33.608
33.608
33.608
33.608
33.6079
33.6079
33.6079
33.6078
33.6078
33.6077
33.6076
33.6076
33.6076
33.6075
33.6075
33.6075
33.6075
33.6075
33.6074
33.6073
33.6072
33.6072
33.6071
33.6071
33.6071
33.607
33.607
33.607
33.607
33.6069
33.6068
33.6067
33.6067
33.6066
33.6066
33.6066
33.6065
33.6065
33.6066
33.6066
33.6066
33.6067
33.6067
33.6067
33.6066
33.6066
33.6065
33.6065
33.6065
33.6065
33.6066
33.6066
33.6066
33.6066
33.6065
33.6065
33.6064
33.6064
33.6063
33.6063
33.6063
33.6062
33.6062
33.6061
33.6061
33.606
33.6059
33.6058
33.6057
33.6057
33.6056
33.6056
33.6056
33.6055
33.6054
33.6053
33.6053
33.6052
33.6051
33.6051
33.6051
33.605
33.605
33.605
33.605
33.605
33.6049
33.6048
33.6047
33.6047
33.6046
33.6046
33.6046
33.6045
33.6045
33.6045
33.6045
33.6045
33.6045
33.6045
33.6045
33.6045
33.6044
33.6043
33.6042
33.6042
33.6041
33.6041
33.6041
33.6041
33.604
33.604
33.604
33.604
33.604
33.604
33.604
33.604
33.6039
33.6038
33.6038
33.6037
33.6037
33.6036
33.6036
33.6036
33.6036
33.6035
33.6035
33.6035
33.6035
33.6035
33.6034
33.6033
33.6033
33.6032
33.6032
33.6031
33.6031
33.6031
33.6031
33.6031
33.6031
33.603
33.603
33.603
33.603
33.603
33.6029
33.6029
33.6028
33.6027
33.6027
33.6027
33.6026
33.6026
33.6026
33.6026
33.6026
33.6026
33.6026
33.6025
33.6025
33.6025
33.6025
33.6025
33.6025
33.6025
33.6025
33.6025
33.6024
33.6024
33.6024
33.6024
33.6024
33.6024
33.6024
33.6024
33.6024
33.6024
33.6024
33.6024
33.6023
33.6022
33.6022
33.6021
33.6021
33.6021
33.602
33.6019
33.6019
33.6024
33.6029
33.6033
33.6036
33.6039
33.604
33.6041
33.6042
33.6042
33.6043
33.6043
33.6044
33.6044
33.6044
33.6044
33.6044
33.6045
33.6044
33.6043
33.6043
33.6042
33.6042
33.6042
33.6041
33.6041
33.6044
33.6047
33.6049
33.6051
33.6053
33.6054
33.6055
33.6055
33.6055
33.6055
33.6055
33.6039
33.6032
33.6032
33.6038
33.6042
33.6046
33.6049
33.6052
33.6054
33.6056
33.6057
33.6058
33.6059
33.606
33.6061
33.6049
33.6034
33.6032
33.604
33.6047
33.6053
33.6052
33.6051
33.605
33.605
33.6055
33.6041
33.6026
33.6018
33.6021
33.6028
33.6035
33.6045
33.6053
33.6049
33.6042
33.6043
33.6054
33.6065
33.6078
33.6093
33.6106
33.611
33.6125
33.6153
33.6184
33.6217
33.6239
33.6262
33.6296
33.6333
33.6375
33.6416
33.6449
33.6488
33.6528
33.657
33.6599
33.6612
33.6634
33.6667
33.6696
33.6719
33.6723
33.6737
33.6756
33.6768
33.6769
33.679
33.6821
33.685
33.6871
33.6906
33.6947
33.6988
33.7017
33.7048
33.7084
33.7115
33.7125
33.7142
33.7159
33.7169
33.7189
33.7201
33.7209
33.7236
33.7262
33.7277
33.7303
33.7331
33.7349
33.7374
33.7401
33.7407
33.7425
33.7448
33.7457
33.7478
33.7502
33.7507
33.7525
33.7548
33.7561
33.7601
33.7633
33.7644
33.7665
33.7679
33.7704
33.7726
33.7754
33.7772
33.7803
33.7828
33.7855
33.7874
33.7896
33.7911
33.7931
33.7939
33.7958
33.7977
33.7997
33.8009
33.8028
33.8033
33.8042
33.8052
33.806
33.8054
33.8059
33.8053
33.8072
33.8079
33.8091
33.8098
33.8104
33.8107
33.8116
33.8118
33.8136
33.8138
33.8144
33.8146
33.8135
33.8121
33.8111
33.8089
33.8091
33.8084
33.809
33.8081
33.8077
33.8058
33.8042
33.8025
33.8021
33.8002
33.7996
33.7976
33.7959
33.793
33.7909
33.7882
33.7861
33.7834
33.781
33.779
33.7768
33.7737
33.7722
33.7705
33.7692
33.7657
33.7624
33.7599
33.759
33.7582
33.7576
33.7577
33.7591
33.7611
33.7632
33.7649
33.7662
33.7669
33.7681
33.7694
33.7693
33.7693
33.7689
33.7685
33.7675
33.766
33.7636
33.7615
33.7601
33.7589
33.7575
33.7565
33.7557
33.7551
33.755
33.7547
33.7536
33.7537
33.7538
33.7538
33.7538
33.7557
33.7577
33.7596
33.7623
33.7664
33.7711
33.775
33.7778
33.7806
33.7835
33.787
33.7903
33.7936
33.7964
33.7986
33.8012
33.8031
33.8038
33.8044
33.8044
33.8051
33.805
33.8049
33.8056
33.8078
33.8088
33.8088
33.8103
33.8122
33.8134
33.8152
33.8179
33.8206
33.8216
33.822
33.8228
33.8236
33.8239
33.8242
33.8236
33.8219
33.8194
33.8181
33.8161
33.8138
33.8121
33.8112
33.8103
33.8092
33.8069
33.803
33.8004
33.7996
33.7974
33.796
33.7946
33.7928
33.7911
33.7906
33.7894
33.7882
33.7897
33.7898
33.7897
33.791
33.792
33.7931
33.795
33.7965
33.7985
33.8007
33.8028
33.8055
33.8071
33.8085
33.8114
33.8133
33.815
33.8179
33.8202
33.8218
33.8239
33.8243
33.8247
33.8267
33.8255
33.8249
33.8266
33.8264
33.8262
33.8258
33.8245
33.8234
33.8214
33.8188
33.8168
33.8137
33.8103
33.8073
33.8031
33.7992
33.7962
33.7929
33.7915
33.7902
33.7892
33.7891
33.7877
33.7867
33.787
33.7873
33.7879
33.7873
33.788
33.7878
33.7883
33.7897
33.7914
33.7939
33.7958
33.7995
33.8015
33.8048
33.8081
33.8109
33.814
33.8161
33.8187
33.8205
33.8227
33.8239
33.8262
33.8284
33.8309
33.8337
33.8352
33.8359
33.8345
33.8343
33.8335
33.8337
33.8333
33.832
33.8322
33.8315
33.8312
33.8289
33.828
33.8269
33.8261
33.8246
33.8245
33.8228
33.8202
33.8184
33.8163
33.8152
33.8149
33.8158
33.815
33.8144
33.8131
33.8138
33.8142
33.8141
33.8129
33.8136
33.8146
33.8173
33.8191
33.8223
33.8253
33.8288
33.8295
33.8316
33.8317
33.8324
33.8313
33.8288
33.8246
33.8207
33.8157
33.8099
33.8039
33.7975
33.7915
33.785
33.7785
33.7725
33.7675
33.7628
33.7588
33.7547
33.7522
33.7512
33.7516
33.7533
33.7549
33.7592
33.7645
33.7704
33.777
33.784
33.7926
33.8003
33.8092
33.8168
33.8255
33.8324
33.8382
33.8426
33.8461
33.8486
33.8483
33.8483
33.8455
33.8439
33.8406
33.8387
33.8351
33.8324
33.8278
33.8262
33.8242
33.8248
33.8246
33.8253
33.8257
33.827
33.8294
33.8316
33.8344
33.8369
33.8411
33.8455
33.8492
33.8538
33.8582
33.8634
33.8667
33.8697
33.8722
33.8702
33.8688
33.8664
33.8653
33.8633
33.8598
33.8553
33.8525
33.8483
33.8437
33.8403
33.8354
33.8313
33.8253
33.8206
33.8154
33.8114
33.8084
33.8065
33.8063
33.8055
33.8067
33.8085
33.8121
33.8165
33.8206
33.8252
33.8321
33.8376
33.8425
33.8485
33.8545
33.8617
33.8683
33.8753
33.8821
33.8856
33.8889
33.8907
33.8912
33.8913
33.8914
33.8913
33.8897
33.8894
33.8873
33.8868
33.886
33.8855
33.8868
33.8877
33.8899
33.8934
33.8953
33.8981
33.9003
33.903
33.9057
33.9077
33.9089
33.9092
33.9088
33.9088
33.9065
33.9053
33.9031
33.902
33.8999
33.8976
33.8957
33.8931
33.8914
33.8884
33.886
33.8846
33.8824
33.8817
33.8813
33.8807
33.8807
33.8812
33.8833
33.8835
33.885
33.8889
33.892
33.8969
33.9029
33.9097
33.9171
33.9259
33.9335
33.9424
33.9529
33.9618
33.9704
33.978
33.9845
33.9913
33.997
34.0023
34.0067
34.0097
34.0122
34.0136
34.0163
34.0175
34.0203
34.0236
34.0254
34.0281
34.0301
34.0325
34.0371
34.0409
34.0454
34.0503
34.0541
34.0594
34.0654
34.07
34.0746
34.0794
34.0848
34.0888
34.0904
34.0948
34.098
34.1015
34.1056
34.1093
34.1123
34.1141
34.1167
34.1193
34.1195
34.121
34.1225
34.1245
34.1264
34.1283
34.1307
34.134
34.138
34.1434
34.1499
34.1567
34.1656
34.1749
34.1849
34.1966
34.2084
34.2205
34.2325
34.245
34.2555
34.266
34.2755
34.2848
34.2934
34.3014
34.3086
34.3145
34.3207
34.3253
34.3282
34.3317
34.3345
34.3376
34.3407
34.3433
34.3473
34.3513
34.3569
34.3637
34.3702
34.377
34.3822
34.3896
34.3981
34.404
34.4096
34.4152
34.4212
34.4294
34.4364
34.4448
34.4523
34.4609
34.4711
34.4779
34.4829
34.4896
34.4964
34.5039
34.5098
34.5148
34.5196
34.5265
34.534
34.5399
34.5484
34.5579
34.5689
34.5812
34.5937
34.6079
34.6256
34.6423
34.6589
34.6758
34.6915
34.7087
34.7258
34.74
34.7544
34.7678
34.7792
34.7911
34.7993
34.8082
34.8151
34.8229
34.8283
34.8338
34.8374
34.8423
34.8463
34.8532
34.8592
34.8653
34.8743
34.8854
34.8953
34.9073
34.92
34.9358
34.9524
34.9663
34.9802
34.9953
35.0105
35.0246
35.0395
35.053
35.0672
35.0802
35.0933
35.1053
35.1168
35.1266
35.1369
35.1468
35.1561
35.1647
35.1733
35.1829
35.1924
35.2023
35.2105
35.2189
35.2273
35.2373
35.2462
35.2578
35.2692
35.2815
35.2935
35.3067
35.3195
35.3329
35.3461
35.3589
35.371
35.3847
35.3975
35.4111
35.4225
35.4344
35.4438
35.4534
35.4632
35.4737
35.4819
35.4905
35.4987
35.5067
35.5132
35.52
35.5272
35.5335
35.541
35.5442
35.5481
35.5525
35.5546
35.5569
35.559
35.5611
35.5642
35.5658
35.5698
35.5727
35.5758
35.5797
35.584
35.5878
35.5916
35.5942
35.5978
35.6009
35.6039
35.6082
35.6117
35.6146
35.6187
35.6201
35.6222
35.6259
35.6298
35.6358
35.64
35.6452
35.6472
35.652
35.6557
35.659
35.661
35.664
35.667
35.6708
35.6739
35.6777
35.6795
35.6826
35.6837
35.6853
35.6857
35.6867
35.6857
35.685
35.6845
35.6836
35.6816
35.6783
35.6753
35.6739
35.6738
35.6751
35.6753
35.674
35.6723
35.6702
35.668
35.6649
35.662
35.6566
35.6501
35.6423
35.6344
35.628
35.6205
35.6129
35.6044
35.5966
35.5888
35.5811
35.5733
35.566
35.5588
35.5507
35.5414
35.5311
35.5212
35.5111
35.4998
35.4895
35.4788
35.4678
35.4573
35.4456
35.4341
35.4221
35.4093
35.3963
35.3824
35.3695
35.3554
35.3407
35.3262
35.3112
35.2955
35.2802
35.265
35.2491
35.2323
35.2151
35.1977
35.1803
35.1623
35.1443
35.1265
35.1081
35.09
35.0717
35.0527
35.0344
35.0164
34.9986
34.9814
34.9628
34.9443
34.9256
34.908
34.8899
34.872
34.8538
34.8351
34.8162
34.7966
34.7762
34.755
34.7337
34.712
34.689
34.666
34.6422
34.6166
34.59
34.562
34.5332
34.5047
34.4755
34.4447
34.4141
34.3833
34.3531
34.3228
34.2919
34.2611
34.2305
34.1995
34.1673
34.1339
34.0999
34.0679
34.0385
34.0087
33.9767
33.9437
33.911
33.8789
33.8473
33.814
33.7814
33.7493
33.7169
33.6838
33.6504
33.6176
33.585
33.5522
33.5193
33.4859
33.4524
33.4185
33.384
33.3499
33.3151
33.2791
33.2425
33.2071
33.1713
33.1361
33.1004
33.064
33.0258
32.9879
32.9519
32.9154
32.8785
32.8413
32.8052
32.7677
32.7312
32.6954
32.6585
32.6202
32.5832
32.5446
32.5049
32.4651
32.4251
32.384
32.3446
32.3049
32.2651
32.2259
32.1859
32.1442
32.102
32.0582
32.0132
31.9677
31.9208
31.8736
31.8271
31.781
31.7332
31.6858
31.6377
31.5906
31.5437
31.4952
31.4463
31.3979
31.347
31.297
31.2469
31.1985
31.149
31.0988
31.0493
30.9984
30.9488
30.8981
30.8471
30.7959
30.7434
30.6891
30.6367
30.5848
30.5337
30.4818
30.4307
30.376
30.3232
30.2686
30.2147
30.157
30.0993
30.039
29.9797
29.9178
29.8564
29.7923
29.7269
29.6598
29.5905
29.5198
29.4482
29.3778
29.3071
29.2355
29.1643
29.091
29.0184
28.9467
28.876
28.8027
28.7308
28.6601
28.5888
28.5185
28.4471
28.3792
28.3087
28.2389
28.1686
28.0973
28.0283
27.9567
27.8861
27.8133
27.7397
27.6656
27.5883
27.508
27.4271
27.3425
27.2555
27.1682
27.0777
26.9851
26.8907
26.7937
26.6955
26.5978
26.4993
26.3982
26.2961
26.1929
26.0886
25.9837
25.8799
25.7754
25.6719
25.5682
25.4653
25.3647
25.2637
25.1625
25.0607
24.9571
24.8551
24.7536
24.6513
24.5477
24.4465
24.3418
24.2351
24.1276
24.0208
23.915
23.8072
23.7014
23.5953
23.4867
23.3794
23.2717
23.164
23.0573
22.9489
22.842
22.7343
22.6262
22.5186
22.4092
22.2997
22.1881
22.0754
21.9616
21.8453
21.7283
21.6097
21.49
21.3689
21.247
21.1257
21.002
20.8771
20.7519
20.6267
20.4987
20.3718
20.2452
20.1157
19.9894
19.8615
19.7323
19.6042
19.4749
19.3455
19.2138
19.0819
18.9504
18.8186
18.6856
18.5557
18.4254
18.2966
18.1675
18.0393
17.9092
17.7817
17.6529
17.5241
17.3951
17.2681
17.1408
17.0139
16.8861
16.7606
16.6319
16.505
16.3771
16.2504
16.1236
15.9972
15.871
15.7454
15.6223
15.4971
15.3722
15.2482
15.1225
15.0004
14.8781
14.7569
14.6355
14.5143
14.3936
14.2743
14.1537
14.0334
13.9134
13.7919
13.6698
13.5464
13.4226
13.2997
13.1762
13.0496
12.9238
12.7999
12.6753
12.5509
12.4301
12.307
12.1821
12.0591
11.9351
11.8133
11.6904
11.5689
11.4482
11.3274
11.2078
11.0898
10.9733
10.8564
10.7402
10.6267
10.5139
10.4015
10.2921
10.1853
10.0782
9.97246
9.86592
9.76064
9.65734
9.5549
9.45265
9.34971
9.24516
9.14073
9.03663
8.93369
8.83097
8.7292
8.6274
8.52801
8.4284
8.33026
8.23195
8.13599
8.04082
7.94712
7.85425
7.76273
7.67286
7.58408
7.49714
7.41083
7.32441
7.23889
7.1528
7.06843
6.98468
6.90126
6.81846
6.7354
6.65264
6.56967
6.48787
6.40575
6.32484
6.24532
6.16798
6.09253
6.0166
5.94029
5.86665
5.79425
5.72294
5.65195
5.58098
5.51051
5.44143
5.37229
5.30218
5.23229
5.16253
5.09337
5.02463
4.95688
4.89012
4.82477
4.7596
4.69479
4.63184
4.57197
4.51207
4.45278
4.39661
4.34133
4.28783
4.23598
4.18452
4.13431
4.0843
4.0355
3.9866
3.93828
3.89109
3.84539
3.79951
3.75403
3.70901
3.66449
3.61981
3.57646
3.53351
3.49189
3.45029
3.40949
3.36962
3.33081
3.293
3.25576
3.21849
3.18184
3.14614
3.11052
3.07628
3.04168
3.00856
2.97456
2.94088
2.90787
2.87533
2.84325
2.81265
2.78212
2.75208
2.72248
2.693
2.6644
2.63645
2.60884
2.5821
2.55551
2.52957
2.50434
2.47995
2.45561
2.43144
2.40665
2.38312
2.36004
2.33782
2.31633
2.29471
2.27361
2.25302
2.23257
2.2126
2.19356
2.17517
2.15648
2.13839
2.1204
2.10269
2.08669
2.07111
2.05535
2.03948
2.02371
2.00833
1.9942
1.98
1.96601
1.95288
1.93989
1.92682
1.91442
1.90251
1.89084
1.87876
1.86784
1.85714
1.8475
1.83809
1.82955
1.82164
1.81366
1.80658
1.79932
1.79244
1.78617
1.78111
1.77601
1.77178
1.76797
1.76436
1.76097
1.75834
1.75672
1.755
1.75365
1.75175
1.74967
1.74731
1.74465
1.74233
1.73956
1.73655
1.73391
1.7303
1.72684
1.72289
1.71894
1.71514
1.7114
1.70754
1.70376
1.69977
1.69664
1.69443
1.69261
1.69068
1.68843
1.68559
1.6835
1.68107
1.67878
1.67602
1.67359
1.67102
1.66835
1.66516
1.66174
1.65895
1.65676
1.65541
1.65458
1.65359
1.65327
1.65393
1.65419
1.6543
1.65416
1.65374
1.65155
1.64913
1.64741
1.64491
1.64271
1.64078
1.63898
1.63665
1.63567
1.63425
1.63398
1.63454
1.63534
1.63608
1.63812
1.63982
1.64203
1.64387
1.64518
1.64664
1.64843
1.65031
1.65276
1.6556
1.65902
1.6612
1.66365
1.66473
1.66584
1.66591
1.66568
1.66454
1.66411
1.66272
1.66157
1.65979
1.65954
1.65883
1.65921
1.65869
1.65887
1.65813
1.65727
1.65668
1.65641
1.6548
1.65248
1.65013
1.64942
1.64789
1.64732
1.64771
1.64867
1.65024
1.64906
1.64933
1.64932
1.64705
1.64658
1.64693
1.64501
1.64534
1.64654
1.64636
1.6477
1.64991
1.64888
1.6484
1.64845
1.64594
1.64431
1.64366
1.64021
1.6384
1.63786
1.63621
1.63622
1.63684
1.63605
1.63578
1.63558
1.63266
1.63088
1.63011
1.62812
1.6273
1.62767
1.62668
1.62655
1.6261
1.62691
1.62668
1.62856
1.62925
1.63121
1.63342
1.63726
1.64004
1.643
1.64523
1.64721
1.64751
1.64887
1.64958
1.65227
1.65434
1.65651
1.65659
1.65825
1.65862
1.65882
1.65802
1.65831
1.6581
1.6609
1.66235
1.66468
1.66605
1.6673
1.66712
1.66828
1.66796
1.66866
1.66799
1.66925
1.6696
1.66981
1.66961
1.66913
1.66778
1.66696
1.66573
1.66549
1.66464
1.66384
1.66194
1.65927
1.65617
1.65347
1.65016
1.64826
1.64761
1.64808
1.64826
1.64878
1.64777
1.64785
1.6474
1.64793
1.64939
1.65261
1.65585
1.65926
1.66283
1.66706
1.6693
1.67275
1.67494
1.67757
1.67823
1.67961
1.6785
1.67828
1.6778
1.67879
1.6787
1.68121
1.68277
1.68546
1.68633
1.68883
1.69114
1.69601
1.69976
1.70537
1.70939
1.71346
1.71548
1.71827
1.7206
1.72352
1.7256
1.728
1.7282
1.72838
1.72634
1.72539
1.7237
1.7215
1.7192
1.71739
1.71494
1.71451
1.7141
1.71675
1.71807
1.72117
1.72336
1.72573
1.7268
1.73028
1.73338
1.73741
1.74109
1.74489
1.74732
1.75099
1.75375
1.75643
1.75701
1.75751
1.75627
1.75554
1.75425
1.75523
1.75552
1.75694
1.75794
1.75857
1.7572
1.75709
1.75577
1.75538
1.75272
1.75126
1.74948
1.74933
1.74925
1.75194
1.75254
1.75353
1.75213
1.74921
1.74557
1.74333
1.74132
1.74221
1.74276
1.74489
1.7461
1.74952
1.7518
1.75568
1.75818
1.76012
1.7605
1.76295
1.76689
1.77216
1.77508
1.77785
1.77941
1.78056
1.78066
1.78136
1.7813
1.78187
1.7819
1.78356
1.78455
1.78676
1.78696
1.78633
1.78292
1.78176
1.77954
1.78076
1.78115
1.78253
1.78123
1.78065
1.77774
1.77661
1.77412
1.77396
1.77275
1.77364
1.77496
1.77955
1.78226
1.7861
1.78617
1.7854
1.78177
1.77992
1.7772
1.7771
1.77651
1.77636
1.77377
1.77247
1.76845
1.76688
1.76413
1.76411
1.76391
1.76646
1.76757
1.7695
1.76795
1.76747
1.76465
1.76382
1.76086
1.76054
1.75866
1.7588
1.75624
1.75637
1.75259
1.74998
1.74583
1.74501
1.744
1.74665
1.74877
