4.05856
4.0638
4.06902
4.07425
4.0795
4.08476
4.09004
4.0953
4.10054
4.10576
4.11098
4.11622
4.12145
4.12666
4.13188
4.13713
4.14241
4.14768
4.1529
4.15807
4.16325
4.16847
4.17373
4.17898
4.18421
4.18943
4.19466
4.19991
4.20521
4.21051
4.2158
4.22105
4.2263
4.23155
4.2368
4.24203
4.24723
4.25245
4.25768
4.26293
4.26818
4.27341
4.27862
4.28383
4.28906
4.29434
4.29962
4.30488
4.31011
4.31535
4.3206
4.32585
4.33108
4.33631
4.34152
4.34676
4.35202
4.35731
4.36258
4.36783
4.37306
4.3783
4.38355
4.38878
4.394
4.3992
4.40443
4.40968
4.41494
4.42018
4.42542
4.43064
4.43587
4.44111
4.44635
4.45156
4.45677
4.462
4.46725
4.47252
4.47776
4.48298
4.4882
4.49343
4.49867
4.50391
4.50912
4.51432
4.51952
4.52475
4.52999
4.53523
4.54045
4.54566
4.55088
4.55611
4.56135
4.56656
4.57174
4.57691
4.58213
4.58739
4.59266
4.59791
4.60315
4.60838
4.61362
4.61885
4.62407
4.62927
4.63447
4.6397
4.64495
4.65021
4.65546
4.66067
4.66587
4.67109
4.67634
4.68161
4.68686
4.69207
4.69729
4.70252
4.70777
4.71302
4.71826
4.72348
4.72872
4.73398
4.73924
4.74447
4.74967
4.75488
4.76012
4.76539
4.77064
4.77586
4.78105
4.78625
4.79146
4.7967
4.80195
4.80719
4.81243
4.81771
4.82301
4.8283
4.83355
4.83877
4.84399
4.84926
4.85456
4.85984
4.86508
4.87029
4.87551
4.88076
4.88604
4.8913
4.89655
4.9018
4.90707
4.91234
4.9176
4.92285
4.92809
4.93334
4.93863
4.94395
4.94925
4.95448
4.95967
4.96487
4.97011
4.97536
4.98061
4.98583
4.99103
4.99626
5.0015
5.00675
5.01198
5.0172
5.02242
5.02763
5.03284
5.03805
5.04324
5.04842
5.05365
5.05894
5.06422
5.06948
5.07471
5.07992
5.08516
5.09042
5.0957
5.10096
5.1062
5.11145
5.11671
5.12197
5.12719
5.13236
5.13753
5.14273
5.14797
5.15322
5.15845
5.16366
5.16887
5.17408
5.17931
5.18457
5.18981
5.19503
5.20023
5.20544
5.21067
5.2159
5.22112
5.22633
5.23158
5.23687
5.24217
5.24745
5.25267
5.25786
5.26306
5.26828
5.27354
5.27879
5.28402
5.28924
5.29447
5.29971
5.30494
5.31014
5.31537
5.32063
5.32592
5.33121
5.33646
5.3417
5.34693
5.35218
5.35744
5.36268
5.3679
5.37312
5.37837
5.38364
5.38892
5.39418
5.39941
5.40463
5.40989
5.41517
5.42043
5.42562
5.43077
5.43593
5.44115
5.44644
5.45173
5.45699
5.46221
5.46741
5.47261
5.47781
5.48303
5.48827
5.49354
5.49883
5.50413
5.50939
5.5146
5.51978
5.52498
5.53024
5.53556
5.54085
5.54608
5.55127
5.55646
5.56167
5.56691
5.57217
5.57744
5.58273
5.58802
5.59327
5.59846
5.60361
5.60876
5.61397
5.61927
5.62459
5.62986
5.63505
5.64021
5.64539
5.65063
5.65591
5.66118
5.66643
5.67168
5.67695
5.6822
5.68742
5.69261
5.69783
5.7031
5.70843
5.71378
5.71908
5.72432
5.72954
5.7348
5.7401
5.7454
5.75066
5.75589
5.76112
5.76639
5.77169
5.77701
5.78232
5.78764
5.79298
5.79834
5.80366
5.80891
5.81411
5.81931
5.82454
5.82982
5.8351
5.84034
5.84557
5.85081
5.85608
5.86137
5.86665
5.87191
5.87717
5.88245
5.88774
5.89302
5.89828
5.90353
5.90877
5.91402
5.91931
5.9246
5.92987
5.93511
5.94035
5.94562
5.9509
5.95618
5.96143
5.96666
5.97187
5.97708
5.98232
5.98758
5.99283
5.99807
6.00328
6.00849
6.01372
6.01895
6.02417
6.0294
6.03468
6.04
6.04531
6.05058
6.05583
6.06111
6.06643
6.07178
6.07711
6.08239
6.08764
6.09289
6.09814
6.1034
6.10867
6.11394
6.11922
6.12449
6.12973
6.13493
6.14009
6.14526
6.15045
6.15568
6.16093
6.1662
6.17144
6.17668
6.18193
6.18721
6.1925
6.1978
6.20308
6.20837
6.21365
6.21894
6.2242
6.22942
6.23463
6.23987
6.24515
6.25046
6.25572
6.2609
6.26604
6.2712
6.27643
6.28172
6.28702
6.29232
6.2976
6.30287
6.3081
6.31332
6.31854
6.32378
6.32906
6.33436
6.33966
6.3449
6.35008
6.35525
6.36046
6.36572
6.371
6.37627
6.38149
6.38667
6.39186
6.39708
6.40232
6.40757
6.41285
6.41816
6.42347
6.42874
6.43397
6.43918
6.4444
6.44966
6.45494
6.46018
6.46536
6.47052
6.47571
6.48096
6.48623
6.49151
6.49676
6.50201
6.50726
6.51249
6.5177
6.5229
6.52811
6.53334
6.53861
6.5439
6.54918
6.55442
6.55964
6.56488
6.57015
6.57544
6.58073
6.586
6.59124
6.5965
6.60178
6.60705
6.61226
6.61743
6.62262
6.62784
6.63308
6.63831
6.64354
6.64877
6.65403
6.6593
6.66456
6.6698
6.67503
6.68027
6.68552
6.69077
6.69603
6.70128
6.70651
6.71177
6.71707
6.72239
6.72766
6.73286
6.73806
6.74329
6.74856
6.75384
6.75911
6.76437
6.76962
6.77489
6.78016
6.78543
6.79068
6.7959
6.80114
6.80642
6.81171
6.81697
6.82219
6.82742
6.83268
6.83796
6.84323
6.84849
6.85372
6.85896
6.86423
6.86952
6.87479
6.88004
6.88531
6.89061
6.89592
6.90121
6.90643
6.91159
6.91677
6.92199
6.92725
6.93254
6.9378
6.94302
6.94822
6.95343
6.95864
6.96383
6.96902
6.97426
6.97956
6.98487
6.99017
6.99541
7.00058
7.00578
7.01105
7.01638
7.0217
7.02697
7.03221
7.03741
7.04261
7.04781
7.05304
7.0583
7.06355
7.06882
7.07409
7.07932
7.0845
7.08964
7.09484
7.1001
7.1054
7.11068
7.11591
7.1211
7.1263
7.13155
7.13682
7.14209
7.14735
7.15261
7.15789
7.1632
7.16848
7.17373
7.17894
7.18417
7.18943
7.1947
7.19996
7.20517
7.21033
7.2155
7.22072
7.226
7.23129
7.23658
7.24189
7.24721
7.25252
7.25779
7.263
7.26821
7.27348
7.27879
7.28411
7.28938
7.29462
7.29985
7.30509
7.31038
7.31571
7.32102
7.32627
7.33146
7.33665
7.34188
7.34712
7.35235
7.35757
7.36281
7.36808
7.37336
7.3786
7.38384
7.38911
7.39442
7.39976
7.40509
7.41036
7.41557
7.42076
7.42597
7.43123
7.43651
7.44178
7.44701
7.45222
7.45743
7.46263
7.46784
7.47303
7.47823
7.48345
7.48871
7.49396
7.49917
7.50435
7.50957
7.51486
7.52019
7.52551
7.53075
7.53595
7.54114
7.54635
7.5516
7.55686
7.56212
7.56739
7.57265
7.57791
7.58315
7.58837
7.59359
7.59882
7.60409
7.60935
7.61456
7.61971
7.62485
7.63003
7.63528
7.64058
7.64588
7.65116
7.65642
7.66165
7.66686
7.67208
7.67729
7.68251
7.68773
7.69298
7.69825
7.70351
7.70874
7.71397
7.71923
7.72453
7.72984
7.73511
7.74033
7.74553
7.75075
7.75601
7.7613
7.76659
7.77186
7.7771
7.78236
7.78761
7.79285
7.79809
7.80335
7.80862
7.8139
7.81916
7.82438
7.8296
7.83485
7.84014
7.84542
7.85068
7.85592
7.86116
7.86642
7.87171
7.87699
7.88225
7.88751
7.89276
7.89806
7.90336
7.90865
7.91391
7.91917
7.92444
7.92972
7.93497
7.9402
7.94541
7.95061
7.95583
7.96107
7.96633
7.9716
7.97686
7.98212
7.98737
7.9926
7.9978
8.00296
8.00812
8.0133
8.01852
8.02377
8.02904
8.03432
8.03959
8.04485
8.0501
8.05536
8.06063
8.06586
8.07107
8.0763
8.08156
8.08681
8.09201
8.09721
8.10243
8.10768
8.11295
8.1182
8.1234
8.12858
8.13377
8.13903
8.14431
8.14956
8.15479
8.16001
8.16521
8.17041
8.1756
8.18079
8.18599
8.19123
8.19651
8.20182
8.2071
8.21233
8.21755
8.2228
8.2281
8.2334
8.23867
8.2439
8.24912
8.25435
8.25959
8.26484
8.2701
8.27538
8.28068
8.28599
8.29129
8.29655
8.30179
8.30702
8.31226
8.31751
8.32276
8.32798
8.33316
8.33832
8.34353
8.34877
8.35404
8.3593
8.36456
8.36981
8.37505
8.38028
8.38549
8.39069
8.39593
8.40122
8.40652
8.41178
8.41698
8.42215
8.42737
8.43265
8.43798
8.44331
8.44861
8.45386
8.45906
8.46426
8.46949
8.47473
8.47999
8.48526
8.49053
8.49578
8.50099
8.50618
8.51135
8.51657
8.52184
8.5271
8.53232
8.5375
8.54267
8.54787
8.55308
8.5583
8.56352
8.56875
8.57398
8.57921
8.58442
8.58962
8.59482
8.60003
8.60528
8.61055
8.61581
8.62102
8.62619
8.63137
8.6366
8.64187
8.64714
8.65239
8.65759
8.66277
8.66796
8.67319
8.67845
8.68371
8.68894
8.69418
8.69943
8.7047
8.70996
8.71519
8.72041
8.72567
8.73096
8.73623
8.74145
8.74664
8.75183
8.75707
8.76234
8.76761
8.77284
8.77804
8.78324
8.78847
8.79372
8.79897
8.8042
8.80942
8.81465
8.8199
8.82514
8.83036
8.83556
8.84078
8.84601
8.85125
8.85647
8.86168
8.86691
8.87216
8.87743
8.88268
8.88789
8.89307
8.89827
8.90349
8.90874
8.91396
8.91917
8.92437
8.92958
8.9348
8.94004
8.94529
8.95053
8.95574
8.96095
8.96617
8.9714
8.97676
8.98243
8.98835
8.99425
8.99991
9.00535
9.01068
9.01591
9.02091
9.02557
9.02988
9.03402
9.03817
9.04233
9.04633
9.05014
9.05387
9.0576
9.06134
9.06507
9.06881
9.07254
9.07627
9.08
9.08374
9.08747
9.0912
9.09493
9.09867
9.1024
9.10613
9.10987
9.1136
9.11733
9.12106
9.1248
9.12853
9.13226
9.13599
9.13973
9.14346
9.14719
9.15092
9.15466
9.15839
9.16212
9.16586
9.16959
9.17332
9.17705
9.18079
9.18452
9.18825
9.19198
9.19572
9.19945
9.20318
9.20691
9.21065
9.21438
9.21811
9.22212
9.22683
9.23216
9.23798
9.24442
9.25115
9.25788
9.26462
9.27129
9.27688
9.28102
9.28475
9.28848
9.29222
9.29595
9.29968
9.30364
9.30809
9.31312
9.31876
9.32495
9.33155
9.33828
9.34502
9.35175
9.35848
9.36521
9.37195
9.37868
9.38541
9.39215
9.39888
9.40561
9.41234
9.41908
9.42581
9.43254
9.43928
9.44601
9.45274
9.45948
9.46621
9.47294
9.47967
9.48641
9.49314
9.49987
9.50661
9.51334
9.52007
9.5268
9.53354
9.54027
9.5468
9.55334
9.56007
9.5668
9.57354
9.58027
9.587
9.59374
9.60047
9.6072
9.61393
9.62067
9.6274
9.63413
9.64087
9.6476
9.65433
9.66107
9.66751
9.67316
9.67779
9.68171
9.68544
9.68917
9.69291
9.69664
9.70037
9.7041
9.70784
9.71157
9.7154
9.71952
9.72409
9.72908
9.73439
9.73996
9.74572
9.75164
9.75758
9.7634
9.76901
9.77446
9.77987
9.78535
9.79087
9.79632
9.80162
9.80677
9.81182
9.81679
9.82171
9.82665
9.83165
9.83672
9.84179
9.84681
9.85171
9.85647
9.86112
9.86579
9.87062
9.87567
9.88098
9.88655
9.89238
9.89847
9.90477
9.91126
9.91792
9.92465
9.93139
9.93812
9.94451
9.95007
9.95484
9.95922
9.96368
9.96861
9.97414
9.9802
9.98663
9.99329
10
10.0068
10.0134
10.0198
10.0255
10.0305
10.0349
10.0389
10.0428
10.0466
10.0505
10.0543
10.0581
10.0618
10.0655
10.0693
10.073
10.0767
10.0805
10.0842
10.0879
10.0917
10.0954
10.0991
10.1029
10.1066
10.1103
10.1141
10.1178
10.1215
10.1253
10.129
10.1327
10.1364
10.1402
10.1439
10.1476
10.1514
10.1552
10.159
10.1628
10.1666
10.1703
10.174
10.1778
10.1815
10.1852
10.189
10.1927
10.1964
10.2002
10.2039
10.2076
10.2114
10.2151
10.2188
10.2226
10.2263
10.2303
10.2347
10.2396
10.2448
10.25
10.2546
10.2586
10.2623
10.2661
10.2698
10.2735
10.2773
10.281
10.2847
10.2885
10.2922
10.2959
10.2997
10.3038
10.3087
10.3143
10.3205
10.3268
10.3333
10.3397
10.3461
10.352
10.3574
10.3626
10.3675
10.372
10.3764
10.3808
10.3853
10.3897
10.394
10.3984
10.4032
10.4084
10.4141
10.4202
10.4268
10.4335
10.4402
10.4469
10.4537
10.4604
10.4671
10.4739
10.4806
10.4873
10.4941
10.5008
10.5075
10.5143
10.521
10.5276
10.5341
10.5404
10.5466
10.5528
10.5592
10.5658
10.5725
10.5793
10.586
10.5927
10.5995
10.6062
10.6129
10.6197
10.6264
10.6331
10.6399
10.6466
10.6533
10.6601
10.6668
10.6735
10.6803
10.687
10.6937
10.7005
10.7072
10.7138
10.7202
10.7262
10.7319
10.7373
10.7423
10.747
10.7515
10.7559
10.7605
10.7653
10.7705
10.7761
10.7819
10.788
10.7942
10.8002
10.806
10.8116
10.8174
10.8234
10.8297
10.8363
10.8431
10.8498
10.8565
10.8633
10.87
10.8766
10.883
10.889
10.8949
10.9008
10.9069
10.913
10.9194
10.9259
10.9326
10.9392
10.9456
10.9519
10.9583
10.9648
10.9716
10.9783
10.985
10.9918
10.9983
11.0043
11.0099
11.015
11.0199
11.0246
11.0294
11.0342
11.0394
11.045
11.051
11.0572
11.0635
11.0696
11.0756
11.0814
11.087
11.0927
11.0983
11.1041
11.1097
11.1153
11.1209
11.1265
11.1322
11.1381
11.144
11.15
11.1559
11.1617
11.1673
11.1725
11.177
11.181
11.1847
11.1884
11.1922
11.1959
11.1996
11.2034
11.2071
11.2108
11.2146
11.2183
11.222
11.2258
11.2295
11.2336
11.2386
11.2446
11.2512
11.258
11.2647
11.2714
11.2782
11.2849
11.2916
11.2984
11.3051
11.3118
11.3186
11.3253
11.332
11.3388
11.3455
11.3522
11.359
11.3657
11.3724
11.3792
11.3859
11.3926
11.3994
11.4061
11.4128
11.4196
11.4263
11.433
11.4398
11.4462
11.4519
11.4567
11.461
11.4649
11.4687
11.4726
11.4768
11.4815
11.4869
11.493
11.4996
11.5064
11.5131
11.5198
11.5266
11.5333
11.54
11.5468
11.5535
11.5596
11.5645
11.5686
11.5723
11.576
11.5798
11.5835
11.5872
11.591
11.5948
11.5994
11.6054
11.6122
11.6189
11.6256
11.6324
11.6391
11.6458
11.6526
11.6593
11.666
11.6723
11.6776
11.6818
11.6856
11.6893
11.693
11.6968
11.7005
11.7042
11.708
11.7121
11.717
11.7227
11.7291
11.7358
11.7425
11.7493
11.756
11.7627
11.7695
11.7762
11.7826
11.7883
11.7934
11.7978
11.8017
11.8054
11.8092
11.8131
11.8174
11.8222
11.8278
11.8341
11.8409
11.8476
11.8543
11.8611
11.8678
11.8745
11.8813
11.888
11.8947
11.9015
11.9077
11.9132
11.9179
11.9219
11.9256
11.9294
11.9331
11.9368
11.9406
11.9444
11.9487
11.9535
11.9587
11.9642
11.97
11.9758
11.9815
11.9871
11.9925
11.9977
12.0028
12.0077
12.0124
12.0171
12.0218
12.0265
12.0312
12.0361
12.0411
12.0463
12.0518
12.0577
12.0637
12.07
12.0765
12.0829
12.0894
12.0957
12.1018
12.1076
12.113
12.1181
12.123
12.1276
12.1319
12.1361
12.1401
12.1441
12.1482
12.1523
12.1565
12.1608
12.1653
12.1703
12.1757
12.1813
12.187
12.1928
12.1985
12.2043
12.2101
12.2158
12.2214
12.2269
12.2322
12.2372
12.2419
12.2463
12.2505
12.2547
12.2591
12.2635
12.2682
12.2731
12.2781
12.2833
12.2884
12.2936
12.2986
12.3034
12.3081
12.3128
12.3174
12.322
12.3265
12.3309
12.3352
12.3395
12.3437
12.3478
12.352
12.3562
12.3606
12.3651
12.3696
12.3741
12.3786
12.383
12.3874
12.3918
12.3961
12.4003
12.4045
12.4088
12.4132
12.4177
12.4224
12.4272
12.4322
12.4374
12.4428
12.4483
12.4539
12.4596
12.4653
12.4711
12.4768
12.4826
12.4883
12.494
12.4997
12.5053
12.5108
12.5162
12.5214
12.5266
12.5315
12.5363
12.541
12.5457
12.5503
12.5549
12.5595
12.5641
12.5687
12.5732
12.5777
12.5821
12.5866
12.591
12.5954
12.5999
12.6044
12.609
12.6137
12.6184
12.6231
12.6276
12.6318
12.6358
12.6396
12.6435
12.6473
12.6511
12.6548
12.6585
12.6622
12.666
12.6697
12.6734
12.6772
12.6809
12.6846
12.6884
12.6921
12.6958
12.6996
12.7033
12.707
12.7108
12.7147
12.7189
12.7232
12.7274
12.7313
12.7351
12.7388
12.7426
12.7463
12.75
12.7538
12.7575
12.7612
12.765
12.7687
12.7724
12.7762
12.78
12.784
12.7883
12.7926
12.7971
12.8016
12.8064
12.8113
12.8163
12.8214
12.8266
12.8317
12.8365
12.8411
12.8454
12.8492
12.853
12.8567
12.8604
12.8642
12.8679
12.8716
12.8754
12.8794
12.8835
12.8878
12.8923
12.8967
12.9011
12.9055
12.9098
12.9142
12.9185
12.9229
12.9272
12.9318
12.9365
12.9415
12.9467
12.9519
12.9572
12.9624
12.9675
12.9725
12.9776
12.9824
12.987
12.9914
12.9955
12.9994
13.0032
13.0071
13.0109
13.0148
13.0188
13.0229
13.0273
13.032
13.0368
13.0418
13.0468
13.052
13.0572
13.0625
13.0679
13.0732
13.0783
13.0833
13.0881
13.0927
13.0973
13.1018
13.1061
13.1102
13.1143
13.1181
13.1218
13.1256
13.1293
13.133
13.1368
13.1405
13.1442
13.148
13.1517
13.1554
13.1592
13.1629
13.1667
13.1708
13.175
13.1793
13.1838
13.1884
13.193
13.1976
13.2022
13.2066
13.211
13.2152
13.2194
13.2235
13.2277
13.2318
13.2359
13.2399
13.2441
13.2483
13.2528
13.2575
13.2625
13.2676
13.2728
13.2782
13.2836
13.289
13.2944
13.2997
13.3049
13.3101
13.3151
13.32
13.3248
13.3295
13.3342
13.3389
13.3435
13.3481
13.3527
13.3572
13.3618
13.3664
13.371
13.3757
13.3804
13.3852
13.39
13.395
13.4
13.4051
13.4102
13.4154
13.4206
13.4259
13.4312
13.4365
13.4419
13.4473
13.4529
13.4586
13.4643
13.4701
13.476
13.4819
13.4878
13.4936
13.4994
13.5051
13.5107
13.5163
13.5218
13.5272
13.5325
13.5377
13.5428
13.5479
13.5531
13.5583
13.5635
13.5687
13.574
13.5793
13.5847
13.5901
13.5955
13.6009
13.6063
13.6116
13.6169
13.6221
13.6272
13.6323
13.6374
13.6425
13.6477
13.6528
13.658
13.6632
13.6686
13.674
13.6796
13.6851
13.6908
13.6965
13.7022
13.708
13.7138
13.7195
13.7253
13.731
13.7366
13.7422
13.7478
13.7533
13.7589
13.7644
13.7698
13.7751
13.7803
13.7855
13.7906
13.7957
13.8008
13.8059
13.8109
13.816
13.8212
13.8264
13.8315
13.8366
13.8417
13.8469
13.8521
13.8572
13.8623
13.8673
13.8722
13.8772
13.882
13.8869
13.8916
13.8961
13.9006
13.905
13.9093
13.9135
13.9176
13.9218
13.926
13.9303
13.9346
13.9389
13.9432
13.9476
13.952
13.9564
13.9607
13.965
13.9692
13.9735
13.9779
13.9824
13.9869
13.9914
13.9961
14.0009
14.0058
14.0109
14.0162
14.0215
14.0269
14.0324
14.0381
14.0438
14.0494
14.0551
14.0607
14.0663
14.0718
14.0772
14.0824
14.0876
14.0928
14.098
14.1032
14.1084
14.1136
14.1189
14.1242
14.1294
14.1347
14.1399
14.1451
14.1503
14.1556
14.161
14.1663
14.1716
14.177
14.1823
14.1878
14.1932
14.1987
14.2042
14.2098
14.2155
14.2212
14.227
14.2329
14.2387
14.2447
14.2506
14.2566
14.2625
14.2684
14.2742
14.28
14.2856
14.2912
14.2967
14.3022
14.3076
14.3131
14.3185
14.3239
14.3294
14.3349
14.3404
14.346
14.3516
14.3572
14.3627
14.3682
14.3737
14.3792
14.3847
14.3901
14.3955
14.401
14.4066
14.4122
14.4178
14.4235
14.4292
14.435
14.4408
14.4465
14.4522
14.4579
14.4635
14.4692
14.4748
14.4804
14.4859
14.4915
14.4971
14.5027
14.5083
14.5139
14.5194
14.525
14.5305
14.5361
14.5416
14.5471
14.5526
14.5581
14.5637
14.5693
14.5749
14.5806
14.5863
14.592
14.5979
14.6037
14.6095
14.6153
14.6212
14.627
14.6328
14.6387
14.6444
14.6502
14.656
14.6619
14.6678
14.6736
14.6794
14.6851
14.6909
14.6966
14.7023
14.708
14.7136
14.7191
14.7247
14.7301
14.7355
14.7408
14.7461
14.7515
14.7568
14.7621
14.7672
14.7722
14.7772
14.7822
14.7871
14.7921
14.797
14.802
14.8071
14.8124
14.8178
14.8233
14.8289
14.8346
14.8404
14.8463
14.8523
14.8582
14.864
14.8699
14.8759
14.8818
14.8876
14.8934
14.8992
14.905
14.9109
14.9168
14.9229
14.9289
14.935
14.941
14.9469
14.9527
14.9583
14.9636
14.9687
14.9737
14.9785
14.9833
14.988
14.9928
14.9978
15.0029
15.0081
15.0133
15.0187
15.0242
15.0297
15.0354
15.0411
15.0467
15.0522
15.0577
15.0631
15.0683
15.0733
15.0781
15.0827
15.0874
15.0922
15.0974
15.1028
15.1082
15.1136
15.1191
15.1245
15.1299
15.1353
15.1406
15.1458
15.1511
15.1562
15.1614
15.1663
15.1711
15.1757
15.1802
15.1845
15.1887
15.1929
15.1971
15.2015
15.206
15.2106
15.2154
15.2203
15.2255
15.2309
15.2364
15.2418
15.2471
15.2522
15.2572
15.2621
15.2672
15.2724
15.2776
15.2828
15.288
15.2932
15.2985
15.3037
15.3089
15.3141
15.3194
15.3246
15.3299
15.3354
15.3409
15.3466
15.3524
15.3583
15.3642
15.3702
15.3764
15.3827
15.3892
15.3957
15.4022
15.4087
15.4154
15.4221
15.4289
15.4356
15.4422
15.4486
15.455
15.4612
15.4673
15.4732
15.479
15.4848
15.4905
15.4964
15.5022
15.5082
15.5142
15.5203
15.5263
15.5322
15.538
15.5436
15.5491
15.5544
15.5595
15.5645
15.5693
15.574
15.5786
15.5831
15.5877
15.5922
15.5967
15.6012
15.6059
15.6105
15.6154
15.6203
15.6254
15.6305
15.6358
15.6411
15.6464
15.6518
15.657
15.6621
15.6671
15.672
15.6767
15.6813
15.6858
15.6901
15.6943
15.6984
15.7024
15.7063
15.7101
15.7138
15.7175
15.7213
15.725
15.7287
15.7325
15.7362
15.7399
15.7437
15.7478
15.7524
15.7577
15.7634
15.7696
15.776
15.7825
15.7891
15.7958
15.8023
15.8086
15.8147
15.8206
15.8265
15.8325
15.8384
15.8442
15.85
15.8556
15.8611
15.8666
15.872
15.8772
15.8825
15.8877
15.893
15.8984
15.9038
15.9092
15.9146
15.92
15.9256
15.9314
15.9375
15.944
15.9507
15.9575
15.9642
15.9709
15.9777
15.9844
15.9911
15.9979
16.0046
16.0113
16.0181
16.0248
16.0315
16.0383
16.045
16.0517
16.0585
16.0652
16.0719
16.0787
16.0854
16.0921
16.0989
16.1056
16.1123
16.1191
16.1258
16.1325
16.1393
16.146
16.1527
16.1595
16.1662
16.1729
16.1797
16.1864
16.1931
16.1994
16.2052
16.2107
16.216
16.2212
16.2265
16.2321
16.238
16.2442
16.2508
16.2575
16.2643
16.271
16.2777
16.2845
16.2912
16.2979
16.3047
16.3114
16.3181
16.3246
16.3303
16.3353
16.3395
16.3434
16.3471
16.3508
16.3546
16.3583
16.3621
16.3662
16.3707
16.3757
16.3814
16.3877
16.3943
16.401
16.4076
16.4139
16.4197
16.425
16.4296
16.4336
16.4373
16.441
16.4448
16.4485
16.4522
16.456
16.4597
16.4634
16.4672
16.471
16.4753
16.4798
16.4845
16.4894
16.4942
16.499
16.5035
16.5079
16.5118
16.5156
16.5193
16.5231
16.5268
16.5305
16.5343
16.538
16.5417
16.5455
16.5492
16.5529
16.5567
16.5604
16.5641
16.5679
16.5716
16.5753
16.5791
16.5828
16.5865
16.5903
16.594
16.5977
16.6015
16.6052
16.609
16.613
16.6173
16.6218
16.6265
16.6313
16.6363
16.6414
16.6467
16.652
16.6573
16.6626
16.6679
16.6733
16.6787
16.6839
16.689
16.694
16.6989
16.7038
16.7085
16.713
16.7174
16.7213
16.7251
16.7288
16.7327
16.7368
16.7411
16.7452
16.7491
16.7528
16.7565
16.7603
16.764
16.7677
16.7715
16.7752
16.7789
16.7827
16.7864
16.7901
16.7939
16.7976
16.8013
16.805
16.8088
16.8125
16.8162
16.82
16.8237
16.8274
16.8312
16.8349
16.8386
16.8424
16.8461
16.8498
16.8536
16.8573
16.861
16.8648
16.8685
16.8722
16.876
16.8797
16.8834
16.8872
16.8909
16.8946
16.8984
16.9021
16.9058
16.9096
16.9133
16.917
16.9208
16.9245
16.9282
16.932
16.9357
16.9394
16.9432
16.9469
16.9506
16.9544
16.9581
16.9618
16.9656
16.9693
16.973
16.9768
16.9805
16.9842
16.988
16.9917
16.9954
16.9991
17.0029
17.0066
17.0103
17.0141
17.0178
17.0215
17.0253
17.029
17.0327
17.0365
17.0402
17.0439
17.0477
17.0514
17.0551
17.0589
17.0635
17.0695
17.0762
17.0829
17.0897
17.0964
17.1031
17.1099
17.1166
17.1233
17.1301
17.1368
17.1435
17.1496
17.1552
17.1604
17.1654
17.1706
17.176
17.182
17.1884
17.1952
17.2019
17.2086
17.2154
17.2221
17.2288
17.2356
17.2423
17.249
17.2558
17.2625
17.2692
17.276
17.2827
17.2894
17.2962
17.3029
17.3095
17.3158
17.3216
17.327
17.3319
17.3366
17.3411
17.3456
17.3502
17.3551
17.3602
17.3656
17.3713
17.3774
17.3838
17.3903
17.397
17.4037
17.4104
17.417
17.4234
17.4296
17.4356
17.4413
17.4469
17.4523
17.4575
17.4625
17.4674
17.4723
17.4772
17.4822
17.4874
17.4928
17.4983
17.5041
17.5103
17.5167
17.5233
17.5301
17.5368
17.5435
17.5503
17.557
17.5637
17.5702
17.5765
17.5827
17.5887
17.5946
17.6004
17.6062
17.612
17.6179
17.6239
17.6299
17.6359
17.642
17.6482
17.6544
17.6607
17.667
17.6734
17.6798
17.6863
17.6928
17.6994
17.7059
17.7126
17.7192
17.7257
17.7321
17.7384
17.7446
17.7509
17.7571
17.7635
17.7699
17.7764
17.783
17.7897
17.7964
17.8031
17.8099
17.8166
17.8233
17.8301
17.8368
17.8435
17.8503
17.857
17.8637
17.8705
17.8772
17.8839
17.8907
17.8974
17.9041
17.9109
17.9175
17.9241
17.9307
17.9373
17.9439
17.9506
17.9574
17.9641
17.9708
17.9776
17.9843
17.991
17.9977
18.0045
18.0112
18.0179
18.0247
18.0314
18.0379
18.044
18.0497
18.0552
18.0605
18.0655
18.0702
18.0748
18.0792
18.0836
18.0879
18.0922
18.0966
18.101
18.1055
18.1101
18.1148
18.1195
18.1242
18.1289
18.1336
18.1382
18.1427
18.147
18.1514
18.1557
18.16
18.1643
18.1686
18.1729
18.1772
18.1815
18.1857
18.1898
18.1938
18.1977
18.2017
18.2056
18.2095
18.2135
18.2175
18.2216
18.2258
18.23
18.2344
18.2388
18.2432
18.2476
18.2521
18.2565
18.2609
18.2652
18.2696
18.274
18.2784
18.2829
18.2874
18.292
18.2966
18.3012
18.3059
18.3106
18.3153
18.3201
18.3249
18.3298
18.3348
18.3398
18.3447
18.3497
18.3547
18.3597
18.3647
18.3697
18.3746
18.3796
18.3846
18.3897
18.3947
18.3998
18.405
18.4102
18.4155
18.4208
18.4263
18.4319
18.4377
18.4435
18.4495
18.4556
18.4617
18.4678
18.4738
18.4799
18.4859
18.4918
18.4978
18.5038
18.5098
18.5157
18.5216
18.5275
18.5333
18.5392
18.545
18.5508
18.5566
18.5624
18.5682
18.574
18.5799
18.5857
18.5914
18.5967
18.6018
18.6066
18.6111
18.6153
18.6192
18.623
18.6268
18.6305
18.6343
18.6382
18.6422
18.6463
18.6504
18.6545
18.6584
18.6623
18.666
18.6698
18.6735
18.6772
18.681
18.6847
18.6884
18.6922
18.6959
18.6996
18.7034
18.7071
18.7108
18.7145
18.7183
18.722
18.7257
18.7295
18.7332
18.7369
18.7407
18.7452
18.7512
18.7579
18.7646
18.7714
18.7781
18.7848
18.7916
18.7983
18.805
18.8118
18.8185
18.8252
18.832
18.8384
18.8437
18.8478
18.8515
18.8552
18.859
18.8627
18.8664
18.8702
18.8739
18.8776
18.8814
18.8851
18.889
18.8935
18.8985
18.9041
18.9099
18.916
18.9223
18.9286
18.9349
18.941
18.9469
18.9527
18.9583
18.9636
18.9686
18.9734
18.9781
18.9825
18.9869
18.9911
18.9953
18.9995
19.0039
19.0085
19.0134
19.0185
19.0237
19.0293
19.0351
19.0411
19.0473
19.0535
19.0599
19.0663
19.0728
19.0793
19.0858
19.0924
19.099
19.1057
19.1123
19.1187
19.1247
19.1305
19.1361
19.1416
19.147
19.1523
19.1576
19.1629
19.1685
19.1742
19.1801
19.1862
19.1924
19.1986
19.2046
19.2106
19.2165
19.2223
19.2282
19.2343
19.2407
19.2473
19.254
19.2608
19.2675
19.2742
19.281
19.2877
19.2944
19.3012
19.3079
19.3146
19.3213
19.3277
19.3338
19.3397
19.3455
19.3513
19.3572
19.3629
19.3684
19.3737
19.3788
19.384
19.3891
19.3942
19.3992
19.4044
19.4099
19.4156
19.4215
19.4274
19.4333
19.4393
19.4452
19.4511
19.4569
19.4626
19.4682
19.4736
19.4787
19.4835
19.4881
19.4925
19.4967
19.5008
19.5047
19.5084
19.5121
19.5159
19.5196
19.5233
19.5271
19.5308
19.5345
19.5382
19.542
19.5457
19.5494
19.5532
19.5569
19.5606
19.5644
19.5681
19.5718
19.5756
19.5793
19.583
19.5868
19.5905
19.5942
19.598
19.6017
19.6054
19.6092
19.6129
19.6168
19.6209
19.6252
19.6298
19.6347
19.6398
19.6451
19.6506
19.6563
19.6619
19.6675
19.6729
19.6782
19.6834
19.6887
19.6939
19.6989
19.704
19.7093
19.715
19.721
19.7271
19.7333
19.7393
19.7452
19.7509
19.7565
19.7617
19.7667
19.7714
19.7762
19.7809
19.7857
19.7905
19.7951
19.7999
19.8049
19.81
19.8153
19.8207
19.8262
19.8319
19.8379
19.8441
19.8505
19.8568
19.8632
19.8694
19.8754
19.8812
19.8868
19.8922
19.8975
19.903
19.9085
19.9141
19.9198
19.9257
19.9316
19.9377
19.9437
19.9495
19.9552
19.9607
19.966
19.9712
19.9761
19.9808
19.9852
19.9894
19.9935
19.9977
20.0019
20.0063
20.0109
20.0158
20.0209
20.026
20.0311
20.0361
20.041
20.0459
20.0506
20.0552
20.0598
20.0643
20.069
20.0739
20.0791
20.0847
20.0907
20.0971
20.1038
20.1105
20.1172
20.124
20.1307
20.1374
20.1441
20.1509
20.1576
20.1643
20.1711
20.1778
20.1845
20.1913
20.198
20.2047
20.2115
20.2182
20.2249
20.2317
20.2384
20.2451
20.2519
20.2586
20.2653
20.2721
20.2788
20.2855
20.2923
20.299
20.3057
20.3125
20.3192
20.3259
20.3324
20.3388
20.345
20.351
20.3567
20.3625
20.3682
20.3741
20.3801
20.3864
20.393
20.3997
20.4064
20.4132
20.4199
20.4266
20.4334
20.4401
20.4468
20.4536
20.4603
20.4669
20.4736
20.4802
20.4863
20.4923
20.4988
20.5055
20.5122
20.5189
20.5257
20.5324
20.5391
20.5459
20.5526
20.5593
20.5661
20.5728
20.5795
20.5863
20.593
20.5997
20.6065
20.6131
20.6196
20.626
20.632
20.6378
20.6433
20.6484
20.6533
20.6578
20.6621
20.6664
20.6708
20.6754
20.6802
20.6853
20.6904
20.6954
20.7004
20.7052
20.7098
20.7143
20.7187
20.723
20.7273
20.7314
20.7354
20.7392
20.7429
20.7467
20.7504
20.7541
20.7579
20.7619
20.7663
20.771
20.7759
20.7809
20.7861
20.7914
20.7964
20.8013
20.8062
20.8109
20.8155
20.8199
20.824
20.8279
20.8318
20.8357
20.8396
20.8434
20.8472
20.851
20.855
20.8592
20.8636
20.8683
20.8731
20.8781
20.8831
20.8882
20.8933
20.8984
20.9035
20.9085
20.9136
20.9186
20.9236
20.9286
20.9336
20.9389
20.9445
20.9504
20.9567
20.9631
20.9698
20.9765
20.9833
20.99
20.9967
21.0034
21.0099
21.0162
21.0225
21.0288
21.0352
21.0418
21.0485
21.0553
21.062
21.0687
21.0755
21.0821
21.0886
21.0948
21.1007
21.1063
21.1116
21.1165
21.121
21.1252
21.1291
21.1329
21.1366
21.1404
21.1442
21.1483
21.1527
21.1573
21.162
21.1667
21.1714
21.1758
21.1801
21.1842
21.1881
21.1918
21.1956
21.1993
21.203
21.2068
21.2105
21.2142
21.218
21.2217
21.2254
21.2292
21.2329
21.2367
21.2406
21.2448
21.2491
21.2536
21.2582
21.2631
21.2682
21.2735
21.2789
21.2844
21.2899
21.2953
21.3007
21.306
21.3114
21.3168
21.3223
21.328
21.3338
21.3398
21.346
21.3522
21.3585
21.3646
21.3705
21.376
21.3813
21.3863
21.3913
21.3963
21.4014
21.4067
21.4122
21.4178
21.4235
21.4291
21.4348
21.4403
21.4456
21.4507
21.4555
21.4602
21.4649
21.4695
21.4742
21.4788
21.4835
21.4883
21.4933
21.4984
21.5033
21.5081
21.5127
21.5169
21.5208
21.5245
21.5282
21.532
21.5357
21.5394
21.5432
21.5471
21.5515
21.5563
21.5614
21.5667
21.5723
21.5779
21.5834
21.5885
21.5932
21.5979
21.6028
21.608
21.6133
21.6187
21.6243
21.63
21.6358
21.6416
21.6474
21.6533
21.6593
21.6653
21.6715
21.678
21.6846
21.6914
21.6981
21.7047
21.711
21.717
21.7227
21.7283
21.7337
21.7389
21.7439
21.7488
21.7536
21.7582
21.7627
21.7671
21.7713
21.7756
21.78
21.7847
21.7895
21.7946
21.7999
21.8054
21.8111
21.8169
21.8226
21.8284
21.834
21.8396
21.8451
21.8505
21.8556
21.8604
21.8649
21.8692
21.8733
21.8774
21.8817
21.886
21.8907
21.8956
21.901
21.9065
21.9123
21.9182
21.9243
21.9304
21.9365
21.9426
21.9485
21.9544
21.9603
21.966
21.9714
21.9765
21.9812
21.9856
21.9899
21.9941
21.9985
22.0029
22.0076
22.0124
22.0174
22.0224
22.0273
22.032
22.0366
22.041
22.0454
22.0499
22.0543
22.0588
22.0633
22.0679
22.0725
22.0769
22.0812
22.0856
22.0902
22.0949
22.0997
22.1046
22.1096
22.1149
22.1203
22.1259
22.1315
22.137
22.1423
22.1474
22.1524
22.157
22.1614
22.1656
22.1697
22.1737
22.1776
22.1816
22.1857
22.1899
22.1944
22.1993
22.2046
22.2104
22.2165
22.2229
22.2295
22.2361
22.2426
22.2489
22.255
22.2608
22.2665
22.272
22.2774
22.2825
22.2874
22.2922
22.297
22.3017
22.3065
22.3113
22.3162
22.3211
22.3262
22.3312
22.3362
22.3412
22.3462
22.3512
22.3562
22.3611
22.366
22.3708
22.3758
22.3808
22.386
22.3912
22.3964
22.4017
22.407
22.4123
22.4177
22.423
22.4283
22.4337
22.4391
22.4445
22.4499
22.4553
22.4607
22.4661
22.4716
22.477
22.4825
22.4879
22.4934
22.4989
22.5044
22.5098
22.5151
22.5204
22.5257
22.5311
22.5365
22.5419
22.5473
22.5527
22.5581
22.5636
22.5691
22.5747
22.5803
22.5858
22.5913
22.5968
22.6022
22.6075
22.6128
22.618
22.6233
22.6285
22.6336
22.6388
22.644
22.6492
22.6544
22.6597
22.665
22.6703
22.6757
22.681
22.6864
22.6919
22.6972
22.7025
22.7078
22.713
22.7182
22.7233
22.7284
22.7336
22.7389
22.7442
22.7495
22.7546
22.7598
22.7649
22.7701
22.7753
22.7807
22.7861
22.7918
22.7976
22.8037
22.81
22.8163
22.8226
22.829
22.8354
22.8419
22.8484
22.8547
22.8607
22.866
22.871
22.8758
22.8805
22.8851
22.8896
22.8943
22.8994
22.9049
22.9106
22.9166
22.9228
22.9292
22.9356
22.9421
22.9488
22.9555
22.9622
22.9689
22.9756
22.9821
22.9883
22.9943
23
23.0056
23.0112
23.0168
23.0224
23.0279
23.0333
23.0389
23.0447
23.0506
23.0567
23.0632
23.0699
23.0766
23.0833
23.0901
23.0968
23.1035
23.1103
23.117
23.1237
23.1305
23.1372
23.1439
23.1507
23.1574
23.1641
23.1709
23.1776
23.1843
23.1911
23.1978
23.2045
23.2112
23.2165
23.2202
23.2239
23.2276
23.2314
23.2351
23.2388
23.2426
23.2463
23.25
23.2538
23.2581
23.2635
23.2691
23.2741
23.2785
23.2824
23.2862
23.2899
23.2936
23.2974
23.3011
23.3048
23.3086
23.3123
23.316
23.3198
23.3235
23.3272
23.331
23.3347
23.3389
23.3437
23.3488
23.3539
23.3589
23.3632
23.3671
23.3708
23.3746
23.3783
23.382
23.3858
23.3895
23.3932
23.397
23.4007
23.4044
23.4082
23.4119
23.4156
23.4194
23.4231
23.4268
23.4306
23.4343
23.438
23.4417
23.4455
23.4492
23.4529
23.4567
23.4604
23.4641
23.4679
23.4716
23.4753
23.4791
23.4828
23.4865
23.4903
23.494
23.4977
23.5015
23.5052
23.5089
23.5127
23.5164
23.5201
23.5239
23.5276
23.5313
23.5351
23.5388
23.5425
23.5463
23.5508
23.5569
23.5636
23.5703
23.5771
23.5835
23.5894
23.5949
23.6002
23.6053
23.6104
23.6152
23.62
23.6245
23.6287
23.6326
23.6363
23.64
23.6439
23.648
23.6522
23.6562
23.66
23.6638
23.6677
23.6723
23.6782
23.685
23.6917
23.6984
23.7052
23.7119
23.7186
23.7254
23.7321
23.7388
23.7456
23.7523
23.759
23.7658
23.7725
23.7792
23.7858
23.7919
23.7973
23.8021
23.8064
23.8103
23.8141
23.818
23.8221
23.8266
23.8313
23.8365
23.8419
23.8479
23.8542
23.8609
23.8676
23.8743
23.8811
23.8878
23.8945
23.9013
23.908
23.9147
23.9213
23.9275
23.9332
23.9382
23.9425
23.9463
23.95
23.9537
23.9575
23.9612
23.9649
23.9687
23.9724
23.9761
23.9799
23.9836
23.9873
23.9911
23.9948
23.9985
24.0023
24.006
24.0097
24.0135
24.0172
24.0209
24.0247
24.0284
24.0321
24.0359
24.0396
24.0434
24.0472
24.051
24.0547
24.0585
24.0622
24.0659
24.0697
24.0734
24.0771
24.0809
24.0846
24.0883
24.0921
24.0958
24.0995
24.1033
24.107
24.1108
24.1146
24.1186
24.123
24.1276
24.1325
24.1372
24.1419
24.1466
24.1514
24.1562
24.1611
24.1661
24.1712
24.1764
24.1817
24.1871
24.1924
24.1976
24.203
24.2088
24.2152
24.222
24.2287
24.2354
24.2422
24.2489
24.2556
24.2624
24.2691
24.2756
24.2817
24.2873
24.2921
24.2964
24.3002
24.304
24.3077
24.3114
24.3152
24.3189
24.3226
24.3264
24.3301
24.334
24.3381
24.3423
24.3461
24.3498
24.3536
24.3585
24.3648
24.3716
24.3783
24.385
24.3918
24.3985
24.4052
24.412
24.4187
24.4254
24.4322
24.4389
24.4456
24.4524
24.4591
24.4658
24.4726
24.4788
24.4841
24.4889
24.4945
24.5011
24.5078
24.5145
24.5213
24.528
24.5347
24.5415
24.5482
24.5549
24.5617
24.5684
24.5751
24.5819
24.5886
24.5953
24.6021
24.6088
24.6155
24.6223
24.629
24.6357
24.6425
24.6492
24.6559
24.6627
24.6694
24.6761
24.6829
24.6896
24.6963
24.7031
24.7098
24.7165
24.7233
24.73
24.7367
24.7435
24.7502
24.7569
24.7635
24.7698
24.7755
24.7808
24.7861
24.7912
24.7964
24.8016
24.8068
24.812
24.8174
24.8229
24.8284
24.834
24.8397
24.8455
24.8512
24.8568
24.8621
24.8671
24.8717
24.876
24.88
24.8839
24.8876
24.8913
24.8951
24.899
24.9029
24.907
24.9112
24.9155
24.9201
24.9244
24.9283
24.9325
24.9375
24.943
24.9483
24.9529
24.9575
24.9628
24.9686
24.9737
24.9778
24.9816
24.9853
24.9893
24.994
24.9991
25.0043
25.0096
25.0147
25.0197
25.0242
25.0282
25.032
25.0357
25.0397
25.0442
25.0495
25.0554
25.0616
25.068
25.0744
25.0811
25.0878
25.0945
25.1013
25.108
25.1147
25.1215
25.1282
25.1348
25.1411
25.1472
25.153
25.1587
25.1645
25.1705
25.1767
25.1829
25.1893
25.1959
25.2026
25.2093
25.216
25.2227
25.2294
25.236
25.2425
25.2489
25.2553
25.2616
25.268
25.2746
25.2813
25.2881
25.2947
25.3012
25.3073
25.3131
25.3187
25.3241
25.3294
25.3347
25.3398
25.3448
25.3497
25.3543
25.3588
25.3633
25.3679
25.3727
25.3777
25.3831
25.3888
25.3949
25.4013
25.4078
25.4142
25.4204
25.4266
25.433
25.4396
25.4464
25.4531
25.4598
25.4665
25.4731
25.4798
25.4865
25.4933
25.5
25.5067
25.5135
25.5202
25.5269
25.5337
25.5404
25.5471
25.5539
25.5606
25.5673
25.5741
25.5808
25.5874
25.5936
25.5996
25.6055
25.6112
25.6168
25.6223
25.6277
25.633
25.6382
25.6435
25.649
25.6546
25.6603
25.6659
25.6716
25.6773
25.6829
25.6883
25.6935
25.6984
25.7032
25.7077
25.712
25.7161
25.7199
25.7237
25.7274
25.7312
25.735
25.7388
25.7427
25.7467
25.7507
25.7548
25.7591
25.7635
25.7681
25.773
25.7781
25.7834
25.7887
25.7939
25.799
25.804
25.8089
25.8137
25.8185
25.8231
25.8277
25.8321
25.8365
25.8408
25.8451
25.8494
25.8538
25.8582
25.8626
25.8672
25.8719
25.8766
25.8814
25.8861
25.8909
25.8958
25.9009
25.9062
25.9117
25.9174
25.9232
25.929
25.9348
25.9405
25.9462
25.9519
25.9578
25.964
25.9704
25.9766
25.9827
25.9886
25.9946
26.0006
26.0068
26.0133
26.02
26.0267
26.0335
26.0402
26.0469
26.0537
26.0604
26.0671
26.0739
26.0804
26.0869
26.0933
26.1
26.1067
26.1134
26.1202
26.1269
26.1336
26.1404
26.1471
26.1538
26.1606
26.1673
26.174
26.1807
26.1869
26.1928
26.1984
26.2037
26.2091
26.2147
26.2206
26.2266
26.2326
26.2386
26.2449
26.2514
26.258
26.2648
26.2715
26.2782
26.2847
26.2909
26.2971
26.3034
26.3096
26.3158
26.322
26.3281
26.3341
26.3401
26.346
26.3517
26.3573
26.3628
26.3683
26.3737
26.3789
26.3838
26.3885
26.393
26.3973
26.4014
26.4053
26.4091
26.4128
26.4166
26.4203
26.424
26.4278
26.4316
26.4355
26.4396
26.4439
26.4484
26.453
26.4578
26.4628
26.4682
26.4738
26.4796
26.4855
26.4914
26.4973
26.5032
26.5091
26.5148
26.5204
26.5259
26.5313
26.5367
26.5421
26.5475
26.5529
26.5584
26.5641
26.5699
26.5759
26.5821
26.5886
26.5953
26.602
26.6087
26.6155
26.6222
26.6289
26.6357
26.6424
26.6491
26.6558
26.6624
26.6683
26.6736
26.6783
26.6828
26.687
26.6912
26.6953
26.6995
26.7039
26.7087
26.7142
26.7201
26.7263
26.7326
26.7391
26.7458
26.7525
26.7593
26.766
26.7727
26.7794
26.7858
26.7921
26.7984
26.8046
26.8108
26.817
26.8231
26.8292
26.8351
26.8408
26.8461
26.8511
26.8558
26.8601
26.8644
26.8688
26.8737
26.8789
26.884
26.8885
26.8924
26.8962
26.9004
26.9052
26.9103
26.9152
26.9197
26.924
26.9282
26.9325
26.9369
26.9414
26.9461
26.9511
26.9566
26.9623
26.9683
26.9744
26.9805
26.9867
26.9928
26.9988
27.0047
27.0104
27.0159
27.0211
27.026
27.0307
27.0351
27.0394
27.0436
27.0477
27.052
27.0566
27.0616
27.0666
27.0715
27.076
27.0804
27.0847
27.089
27.0932
27.0973
27.1013
27.1053
27.1092
27.1133
27.1173
27.1214
27.1254
27.1296
27.1339
27.1383
27.1429
27.1477
27.1528
27.1581
27.1635
27.1687
27.1739
27.1789
27.1838
27.1886
27.1932
27.1975
27.2016
27.2057
27.2097
27.2137
27.2176
27.2216
27.2257
27.2298
27.2338
27.2377
27.2414
27.2452
27.2489
27.2526
27.2564
27.2601
27.2639
27.2676
27.2714
27.2752
27.279
27.2829
27.2869
27.291
27.2954
27.3
27.3048
27.3098
27.315
27.3202
27.3256
27.3309
27.3363
27.3418
27.3472
27.3528
27.3583
27.3639
27.3695
27.3752
27.3809
27.3867
27.3925
27.3984
27.4042
27.4101
27.4158
27.4216
27.4272
27.4327
27.4381
27.4433
27.4484
27.4533
27.4581
27.4627
27.4673
27.4718
27.4764
27.4809
27.4854
27.4898
27.4942
27.4985
27.5027
27.5066
27.5104
27.5141
27.5178
27.5215
27.5253
27.529
27.5327
27.5365
27.5402
27.5439
27.5477
27.5514
27.5551
27.5589
27.5626
27.5663
27.5701
27.5738
27.5775
27.5813
27.585
27.5888
27.5926
27.5964
27.6003
27.6042
27.6082
27.6123
27.6164
27.6207
27.6252
27.63
27.635
27.6402
27.6453
27.6505
27.6556
27.6608
27.666
27.6714
27.6773
27.6838
27.6905
27.6973
27.704
27.7107
27.7175
27.7242
27.7309
27.7377
27.7444
27.7511
27.7579
27.7646
27.7713
27.7781
27.7848
27.7915
27.7983
27.805
27.8117
27.8185
27.8252
27.8303
27.8341
27.8378
27.8415
27.8453
27.849
27.8527
27.8565
27.8602
27.8639
27.8677
27.8714
27.8751
27.8789
27.8826
27.8863
27.8901
27.8938
27.8975
27.9013
27.905
27.9087
27.9125
27.9162
27.9199
27.9237
27.9274
27.932
27.938
27.9446
27.9514
27.9581
27.9648
27.9716
27.9783
27.985
27.9918
27.9985
28.0052
28.012
28.0187
28.0254
28.0322
28.0389
28.0456
28.0524
28.0591
28.0656
28.0715
28.0767
28.0814
28.0858
28.09
28.0942
28.0986
28.1034
28.1085
28.114
28.12
28.1264
28.1331
28.1398
28.1465
28.1532
28.1598
28.1664
28.1729
28.1791
28.1851
28.1909
28.1964
28.2017
28.2067
28.2115
28.216
28.2203
28.2245
28.2285
28.2324
28.2363
28.2401
28.2438
28.2475
28.2513
28.255
28.2587
28.2624
28.2662
28.2699
28.2736
28.2774
28.2811
28.2848
28.2886
28.2925
28.2965
28.3007
28.3052
28.3099
28.3149
28.3202
28.3258
28.3318
28.3381
28.3447
28.3514
28.3582
28.3649
28.3716
28.3784
28.3851
28.3917
28.3981
28.4044
28.4106
28.4167
28.4228
28.4289
28.435
28.4412
28.4476
28.4541
28.4606
28.467
28.4734
28.4797
28.4858
28.4918
28.4973
28.5024
28.5071
28.5116
28.5159
28.52
28.524
28.528
28.5318
28.5357
28.5398
28.544
28.5484
28.553
28.5578
28.5627
28.5678
28.5731
28.5784
28.5839
28.5895
28.5952
28.601
28.6069
28.613
28.6192
28.6257
28.6322
28.6388
28.6455
28.652
28.6586
28.6652
28.6719
28.6786
28.6853
28.692
28.6987
28.7055
28.7122
28.7189
28.7257
28.7324
28.7391
28.7459
28.7526
28.7593
28.7661
28.7728
28.7795
28.7861
28.7926
28.799
28.8055
28.8119
28.8183
28.8247
28.831
28.8372
28.8433
28.8496
28.8559
28.8622
28.8685
28.8748
28.8812
28.8875
28.8938
28.9001
28.9064
28.9126
28.9189
28.9252
28.9316
28.9379
28.9443
28.9507
28.957
28.9634
28.9697
28.976
28.9822
28.9886
28.995
29.0015
29.0081
29.0148
29.0216
29.0283
29.035
29.0418
29.0484
29.0549
29.0613
29.0675
29.0736
29.0796
29.0855
29.0913
29.0971
29.1028
29.1086
29.1145
29.1205
29.1267
29.133
29.1393
29.1458
29.1522
29.1586
29.165
29.1712
29.1774
29.1834
29.1893
29.195
29.2006
29.2061
29.2115
29.2169
29.2221
29.2274
29.2327
29.2381
29.2435
29.2491
29.2547
29.2604
29.2661
29.2719
29.2777
29.2835
29.2892
29.2949
29.3007
29.3064
29.3122
29.3179
29.3237
29.3295
29.3354
29.3412
29.347
29.3528
29.3586
29.3645
29.3704
29.3763
29.3823
29.3883
29.3944
29.4005
29.4067
29.4128
29.4191
29.4254
29.4316
29.4379
29.4441
29.4503
29.4564
29.4624
29.4684
29.4743
29.4802
29.4861
29.4919
29.4978
29.5035
29.5093
29.515
29.5208
29.5265
29.5323
29.5382
29.544
29.5498
29.5556
29.5614
29.5672
29.573
29.5788
29.5846
29.5904
29.5964
29.6024
29.6084
29.6145
29.6205
29.6266
29.6327
29.6387
29.6448
29.6509
29.6571
29.6633
29.6695
29.6758
29.6821
29.6885
29.6948
29.7011
29.7074
29.7136
29.7197
29.7258
29.732
29.7381
29.7443
29.7504
29.7564
29.7625
29.7686
29.7748
29.781
29.7872
29.7935
29.7999
29.8065
29.813
29.8196
29.8262
29.8327
29.8391
29.8455
29.8519
29.8583
29.8646
29.8708
29.8771
29.8834
29.8897
29.8961
29.9024
29.9088
29.9152
29.9216
29.9279
29.9342
29.9405
29.9469
29.9533
29.9599
29.9664
29.9728
29.9792
29.9856
29.9919
29.9981
30.0043
30.0104
30.0166
30.0228
30.029
30.0353
30.0415
30.0477
30.0539
30.06
30.0661
30.0722
30.0782
30.0842
30.0901
30.096
30.1019
30.1079
30.1141
30.1203
30.1266
30.133
30.1393
30.1456
30.1519
30.1581
30.1644
30.1705
30.1767
30.1829
30.189
30.1952
30.2013
30.2075
30.2137
30.2199
30.2262
30.2324
30.2387
30.245
30.2513
30.2575
30.2637
30.2699
30.2762
30.2824
30.2886
30.2948
30.301
30.3073
30.3136
30.3198
30.3261
30.3323
30.3384
30.3446
30.3507
30.3567
30.3627
30.3685
30.3743
30.3799
30.3855
30.391
30.3965
30.4019
30.4073
30.4127
30.4181
30.4235
30.4291
30.4348
30.4405
30.4462
30.452
30.4579
30.4638
30.4698
30.4759
30.482
30.4881
30.4941
30.5001
30.506
30.5119
30.5179
30.5238
30.5297
30.5356
30.5413
30.5469
30.5524
30.5579
30.5633
30.5687
30.5741
30.5796
30.5851
30.5906
30.5962
30.602
30.6078
30.6137
30.6197
30.6256
30.6315
30.6374
30.6432
30.649
30.6547
30.6604
30.6661
30.6718
30.6775
30.6832
30.689
30.6949
30.7009
30.7068
30.7128
30.7187
30.7247
30.7306
30.7364
30.7423
30.7483
30.7543
30.7603
30.7663
30.7723
30.7782
30.7841
30.7899
30.7956
30.8013
30.8069
30.8125
30.8181
30.8236
30.8291
30.8345
30.8399
30.8452
30.8505
30.8558
30.8612
30.8667
30.8723
30.8779
30.8835
30.889
30.8946
30.9001
30.9055
30.911
30.9165
30.922
30.9276
30.9331
30.9385
30.9438
30.9491
30.9542
30.9591
30.9638
30.9684
30.973
30.9778
30.9826
30.9875
30.9925
30.9976
31.0028
31.0081
31.0133
31.0185
31.0237
31.0289
31.0341
31.0394
31.0446
31.0498
31.0549
31.0601
31.0654
31.0707
31.0761
31.0814
31.0868
31.0921
31.0973
31.1026
31.1078
31.1131
31.1184
31.1238
31.1291
31.1344
31.1396
31.1447
31.1498
31.1548
31.1599
31.1649
31.17
31.1751
31.1803
31.1855
31.1908
31.196
31.2014
31.2069
31.2125
31.2184
31.2243
31.2302
31.2362
31.2421
31.2479
31.2535
31.2589
31.2641
31.2691
31.2739
31.2787
31.2834
31.2882
31.2929
31.2978
31.3028
31.3078
31.3129
31.3179
31.3229
31.3279
31.3327
31.3374
31.3418
31.346
31.35
31.3539
31.3578
31.3618
31.3658
31.37
31.3744
31.379
31.3838
31.3889
31.3941
31.3995
31.405
31.4105
31.4159
31.4212
31.4262
31.4309
31.4356
31.44
31.4443
31.4485
31.4527
31.4568
31.4611
31.4655
31.4702
31.4751
31.4802
31.4855
31.491
31.4965
31.502
31.5076
31.5131
31.5186
31.524
31.5292
31.5342
31.5391
31.5438
31.5484
31.5528
31.5571
31.5615
31.5658
31.5703
31.5749
31.5795
31.5842
31.5889
31.5937
31.5985
31.6032
31.6078
31.6124
31.6171
31.622
31.627
31.6321
31.6372
31.6424
31.6476
31.6528
31.658
31.6634
31.6688
31.6744
31.68
31.6856
31.6911
31.6964
31.7017
31.7068
31.7119
31.7169
31.7221
31.7272
31.7325
31.7379
31.7435
31.7493
31.7551
31.7609
31.7666
31.7723
31.7779
31.7834
31.7887
31.7939
31.7989
31.8038
31.8086
31.8136
31.8186
31.8238
31.8291
31.8346
31.8402
31.8459
31.8516
31.8574
31.8632
31.8689
31.8746
31.8803
31.8858
31.8912
31.8966
31.9019
31.9072
31.9123
31.9175
31.9227
31.928
31.9333
31.9387
31.9441
31.9495
31.9549
31.9603
31.9656
31.9709
31.9762
31.9813
31.9864
31.9914
31.9964
32.0011
32.0058
32.0104
32.0149
32.0195
32.0241
32.0289
32.0338
32.0387
32.0438
32.0489
32.054
32.0593
32.0645
32.0698
32.0751
32.0804
32.0857
32.0909
32.0962
32.1014
32.1066
32.1119
32.1171
32.1223
32.1275
32.1328
32.138
32.1431
32.1482
32.1534
32.1585
32.1636
32.1686
32.1735
32.1784
32.1831
32.1879
32.1926
32.1974
32.2021
32.207
32.2118
32.2168
32.2218
32.2268
32.2319
32.2369
32.242
32.247
32.252
32.2569
32.2617
32.2664
32.271
32.2755
32.2801
32.2846
32.289
32.2935
32.298
32.3025
32.3071
32.3116
32.3161
32.3206
32.325
32.3293
32.3337
32.338
32.3424
32.347
32.3517
32.3564
32.3613
32.3663
32.3713
32.3764
32.3815
32.3866
32.3916
32.3966
32.4016
32.4065
32.4113
32.4161
32.4209
32.4257
32.4305
32.4352
32.4399
32.4445
32.4491
32.4537
32.4584
32.4631
32.4678
32.4726
32.4776
32.4827
32.4879
32.493
32.4983
32.5035
32.5088
32.5139
32.5189
32.5237
32.5283
32.533
32.5377
32.5425
32.5474
32.5524
32.5572
32.5617
32.5658
32.5696
32.5733
32.5771
32.5808
32.5845
32.5883
32.592
32.5957
32.5995
32.6047
32.6114
32.6182
32.6249
32.6316
32.6384
32.6451
32.6518
32.6586
32.6653
32.672
32.6788
32.6855
32.6922
32.6983
32.7028
32.7065
32.7103
32.714
32.7177
32.7215
32.7252
32.7289
32.7327
32.7364
32.7401
32.7439
32.7476
32.7513
32.7551
32.7588
32.7625
32.7663
32.7701
32.7746
32.7797
32.7852
32.7908
32.7966
32.8027
32.8093
32.816
32.8227
32.8295
32.8362
32.8429
32.8497
32.8562
32.8621
32.8674
32.872
32.8762
32.8801
32.884
32.8879
32.892
32.8964
32.9013
32.9068
32.9126
32.9185
32.9244
32.9303
32.9363
32.9423
32.9484
32.9544
32.9605
32.9667
32.9732
32.9799
32.9867
32.9934
33.0001
33.0069
33.0136
33.02
33.0259
33.0314
33.0368
33.0421
33.0475
33.0529
33.0585
33.0642
33.0702
33.0763
33.0826
33.0889
33.0952
33.1014
33.1075
33.1133
33.1188
33.1239
33.1285
33.1329
33.1371
33.1412
33.1453
33.1493
33.1534
33.1577
33.1622
33.1671
33.1721
33.1773
33.1825
33.1879
33.1934
33.199
33.2048
33.2106
33.2165
33.2227
33.229
33.2355
33.2421
33.2489
33.2556
33.2623
33.2691
33.2758
33.2825
33.2892
33.2958
33.3024
33.3088
33.3152
33.3214
33.3275
33.3336
33.3395
33.3453
33.351
33.3566
33.3622
33.3677
33.3731
33.3786
33.3842
33.3898
33.3955
33.4014
33.4073
33.4133
33.4194
33.4257
33.432
33.4384
33.4447
33.451
33.4573
33.4637
33.4702
33.4767
33.4832
33.4897
33.4961
33.5025
33.5088
33.515
33.5212
33.5273
33.5334
33.5394
33.5454
33.5514
33.5573
33.5631
33.569
33.575
33.5809
33.587
33.593
33.5991
33.6052
33.6114
33.6176
33.6238
33.6302
33.6367
33.6434
33.6501
33.6568
33.6636
33.6703
33.677
33.6838
33.6905
33.6972
33.7039
33.7107
33.7174
33.7241
33.7309
33.7376
33.7443
33.7511
33.7578
33.7645
33.7713
33.778
33.7847
33.7914
33.7981
33.8046
33.811
33.8174
33.8237
33.8301
33.8364
33.8427
33.8491
33.8555
33.862
33.8686
33.8751
33.8817
33.8882
33.8948
33.9012
33.9076
33.9137
33.9197
33.9255
33.9312
33.9368
33.9424
33.9479
33.9534
33.959
33.9647
33.9706
33.9765
33.9824
33.9884
33.9944
34.0003
34.0062
34.0122
34.0181
34.024
34.03
34.0359
34.0418
34.0475
34.053
34.0585
34.0638
34.069
34.0741
34.079
34.0838
34.0887
34.0936
34.0988
34.1041
34.1095
34.1152
34.121
34.1269
34.133
34.1391
34.1453
34.1516
34.158
34.1644
34.1709
34.1773
34.1838
34.1901
34.1964
34.2027
34.2089
34.2152
34.2214
34.2276
34.2339
34.2401
34.2464
34.2527
34.2591
34.2655
34.2721
34.2786
34.2852
34.2919
34.2986
34.3053
34.3121
34.3188
34.3255
34.3323
34.339
34.3457
34.3525
34.3592
34.3659
34.3727
34.3794
34.3861
34.3929
34.3995
34.4061
34.4128
34.4195
34.4262
34.4328
34.4393
34.4459
34.4524
34.4589
34.4655
34.4722
34.4789
34.4856
34.4923
34.4991
34.5058
34.5125
34.5193
34.526
34.5325
34.539
34.5452
34.5514
34.5574
34.5635
34.5694
34.5754
34.5813
34.5873
34.5933
34.5994
34.6056
34.6117
34.6177
34.6236
34.6294
34.6351
34.6406
34.6461
34.6516
34.6569
34.6623
34.6677
34.6732
34.6787
34.6843
34.69
34.6958
34.7017
34.7077
34.7136
34.7197
34.7258
34.7319
34.738
34.7441
34.7502
34.7562
34.7622
34.7681
34.774
34.7799
34.7856
34.7914
34.7972
34.8031
34.8089
34.8147
34.8206
34.8265
34.8324
34.8383
34.8442
34.8501
34.856
34.862
34.868
34.8739
34.8798
34.8857
34.8915
34.8973
34.9029
34.9084
34.9139
34.9195
34.9251
34.9309
34.9366
34.9424
34.9483
34.9541
34.9601
34.966
34.9719
34.9777
34.9834
34.9892
34.9949
35.0005
35.0061
35.0117
35.0173
35.0229
35.0285
35.0342
35.04
35.0458
35.0517
35.0575
35.0634
35.0693
35.0752
35.081
35.0867
35.0925
35.0982
35.1039
35.1096
35.1153
35.1212
35.1271
35.133
35.1391
35.1452
35.1513
35.1574
35.1634
35.1695
35.1754
35.1813
35.1871
35.1928
35.1984
35.2039
35.2092
35.2144
35.2195
35.2246
35.2297
35.2347
35.2397
35.2449
35.2501
35.2553
35.2606
35.2658
35.271
35.2762
35.2813
35.2863
35.2913
35.2962
35.3012
35.3063
35.3114
35.3167
35.322
35.3275
35.3331
35.3388
35.3446
35.3504
35.3563
35.3623
35.3683
35.3742
35.3801
35.3858
35.3916
35.3973
35.403
35.4087
35.4144
35.4201
35.4259
35.4318
35.4377
35.4436
35.4495
35.4554
35.4613
35.4673
35.4732
35.4792
35.4852
35.4911
35.497
35.5029
35.5086
35.5143
35.5199
35.5254
35.5308
35.5362
35.5416
35.547
35.5524
35.5578
35.5633
35.5688
35.5743
35.5798
35.5853
35.5907
35.5961
35.6015
35.6068
35.6121
35.6174
35.6227
35.6281
35.6334
35.6388
35.6441
35.6495
35.6549
35.6603
35.6657
35.6712
35.6767
35.6823
35.688
35.6937
35.6993
35.7049
35.7105
35.7161
35.7216
35.7271
35.7325
35.7378
35.7431
35.7484
35.7536
35.7588
35.7639
35.7691
35.7743
35.7796
35.7849
35.7903
35.7958
35.8015
35.8072
35.8129
35.8186
35.8243
35.8299
35.8356
35.8412
35.8468
35.8523
35.8578
35.8633
35.8688
35.8742
35.8797
35.8852
35.8909
35.8967
35.9026
35.9086
35.9146
35.9206
35.9266
35.9326
35.9385
35.9444
35.9501
35.9558
35.9615
35.9671
35.9726
35.978
35.9833
35.9885
35.9936
35.9987
36.0036
36.0085
36.0134
36.0183
36.0233
36.0284
36.0336
36.0387
36.0438
36.0488
36.0537
36.0586
36.0634
36.0681
36.0727
36.0773
36.0819
36.0866
36.0913
36.0961
36.101
36.1059
36.111
36.1161
36.1213
36.1265
36.1319
36.1375
36.143
36.1486
36.1542
36.1598
36.1655
36.1711
36.1768
36.1824
36.1879
36.1934
36.1989
36.2044
36.2098
36.2153
36.2206
36.226
36.2314
36.2368
36.2421
36.2474
36.2527
36.2579
36.2631
36.2683
36.2734
36.2785
36.2836
36.2888
36.2941
36.2993
36.3045
36.3097
36.3148
36.3199
36.325
36.3299
36.3348
36.3398
36.3448
36.3499
36.355
36.36
36.3651
36.3703
36.3755
36.3807
36.3859
36.3911
36.3963
36.4015
36.4067
36.4119
36.4169
36.4219
36.4269
36.432
36.4371
36.4424
36.4478
36.4532
36.4588
36.4644
36.4701
36.4758
36.4814
36.487
36.4925
36.498
36.5034
36.5087
36.514
36.5193
36.5245
36.5298
36.535
36.5402
36.5454
36.5506
36.5559
36.5612
36.5665
36.5719
36.5774
36.5829
36.5885
36.594
36.5996
36.6051
36.6106
36.6161
36.6215
36.6269
36.6323
36.6377
36.6432
36.6487
36.6541
36.6594
36.6647
36.6699
36.6751
36.6802
36.6853
36.6904
36.6954
36.7003
36.7051
36.7098
36.7144
36.7187
36.7228
36.7268
36.7307
36.7345
36.7384
36.7424
36.7463
36.7504
36.7544
36.7586
36.7627
36.7669
36.7711
36.7753
36.7794
36.7835
36.7875
36.7915
36.7954
36.7994
36.8034
36.8074
36.8114
36.8154
36.8195
36.8236
36.8276
36.8315
36.8354
36.8392
36.8431
36.8469
36.8507
36.8546
36.8585
36.8626
36.8667
36.8709
36.8751
36.8792
36.8833
36.8873
36.8912
36.895
36.8989
36.9028
36.9067
36.9107
36.9147
36.9187
36.9227
36.9267
36.9308
36.9349
36.939
36.943
36.9469
36.9508
36.9547
36.9586
36.9625
36.9663
36.9703
36.9745
36.9789
36.9835
36.9881
36.9929
36.9978
37.0028
37.0079
37.013
37.0182
37.0234
37.0285
37.0336
37.0387
37.0437
37.0488
37.0538
37.0588
37.064
37.0691
37.0743
37.0796
37.085
37.0905
37.0961
37.1018
37.1075
37.1132
37.1189
37.1245
37.1301
37.1356
37.1409
37.1462
37.1514
37.1565
37.1616
37.1665
37.1713
37.1761
37.1808
37.1855
37.1904
37.1953
37.2003
37.2054
37.2106
37.2158
37.221
37.226
37.231
37.2361
37.2411
37.246
37.251
37.2561
37.2611
37.2661
37.2711
37.276
37.2808
37.2856
37.2904
37.2951
37.2998
37.3045
37.3092
37.3139
37.3187
37.3234
37.3282
37.3329
37.3376
37.3424
37.3471
37.3517
37.3562
37.3606
37.365
37.3692
37.3735
37.3778
37.3823
37.387
37.3918
37.3969
37.402
37.4072
37.4123
37.4173
37.422
37.4266
37.4311
37.4354
37.4396
37.4436
37.4473
37.4511
37.4548
37.4585
37.4623
37.466
37.4697
37.4735
37.4772
37.4809
37.4854
37.4913
37.498
37.5048
37.5115
37.5182
37.525
37.5317
37.5384
37.5452
37.5519
37.5586
37.5654
37.5721
37.5788
37.5856
37.5916
37.5961
37.5998
37.6036
37.6073
37.611
37.6148
37.6185
37.6222
37.626
37.6297
37.6334
37.6372
37.6409
37.6446
37.6484
37.6521
37.6559
37.6599
37.6647
37.6703
37.6763
37.6827
37.6894
37.6961
37.7029
37.7096
37.7163
37.723
37.7298
37.7365
37.7432
37.75
37.7567
37.7634
37.7702
37.7769
37.7836
37.7904
37.7971
37.8038
37.8106
37.8173
37.824
37.8306
37.8366
37.8422
37.8475
37.8525
37.8574
37.8622
37.8668
37.8713
37.8756
37.8797
37.8837
37.8877
37.8916
37.8956
37.8995
37.9034
37.9073
37.9112
37.9154
37.9196
37.924
37.9284
37.9328
37.9372
37.9417
37.9462
37.9508
37.9554
37.96
37.9646
37.9692
37.9739
37.9785
37.983
37.9875
37.992
37.9963
38.0005
38.0044
38.0082
38.0119
38.0157
38.0194
38.0231
38.0269
38.0306
38.0343
38.0381
38.0422
38.0466
38.0514
38.0565
38.062
38.0678
38.0739
38.0803
38.0868
38.0934
38.1001
38.1068
38.1136
38.1203
38.127
38.1338
38.1405
38.1472
38.154
38.1607
38.1673
38.1739
38.1804
38.1867
38.1929
38.199
38.2051
38.2112
38.2175
38.2238
38.2301
38.2366
38.243
38.2495
38.2561
38.2626
38.2691
38.2756
38.282
38.2883
38.2945
38.3006
38.3066
38.3127
38.319
38.3254
38.3321
38.3388
38.3455
38.3522
38.359
38.3657
38.3724
38.3792
38.3859
38.3926
38.3994
38.4061
38.4128
38.4196
38.4263
38.433
38.4398
38.4465
38.4532
38.46
38.4667
38.4733
38.4799
38.4864
38.4929
38.4993
38.5056
38.512
38.5184
38.5248
38.5311
38.5373
38.5435
38.5498
38.556
38.5622
38.5685
38.5748
38.5811
38.5874
38.5938
38.6001
38.6065
38.6129
38.6193
38.6257
38.6319
38.6382
38.6444
38.6505
38.6567
38.6626
38.6685
38.6744
38.6804
38.6865
38.6926
38.6987
38.7047
38.7107
38.7166
38.7225
38.7282
38.734
38.7397
38.7455
38.7513
38.7572
38.7629
38.7687
38.7744
38.7801
38.7858
38.7915
38.7972
38.8027
38.8082
38.8136
38.8189
38.8241
38.8292
38.8342
38.8392
38.8442
38.8492
38.8542
38.8591
38.8641
38.8691
38.8742
38.8794
38.8848
38.8903
38.8959
38.9016
38.9075
38.9134
38.9193
38.9251
38.9309
38.9367
38.9424
38.948
38.9536
38.9592
38.9649
38.9706
38.9765
38.9824
38.9884
38.9945
39.0008
39.007
39.0133
39.0196
39.0258
39.032
39.0382
39.0442
39.0502
39.056
39.0618
39.0675
39.0731
39.0787
39.0842
39.0895
39.0948
39.1001
39.1053
39.1105
39.1157
39.1209
39.1262
39.1315
39.1368
39.1422
39.1476
39.153
39.1584
39.1639
39.1693
39.1747
39.18
39.1854
39.1908
39.1962
39.2016
39.207
39.2124
39.2179
39.2233
39.2286
39.234
39.2393
39.2446
39.2499
39.2551
39.2603
39.2654
39.2705
39.2757
39.2809
39.286
39.2913
39.2966
39.302
39.3075
39.313
39.3187
39.3245
39.3302
39.3361
39.3419
39.3478
39.3537
39.3596
39.3654
39.3713
39.3771
39.3828
39.3884
39.3938
39.3991
39.4043
39.4095
39.4147
39.4199
39.4251
39.4303
39.4355
39.4407
39.446
39.4513
39.4567
39.4621
39.4675
39.473
39.4784
39.4838
39.4892
39.4946
39.5
39.5053
39.5105
39.5157
39.521
39.5263
39.5318
39.5373
39.5428
39.5483
39.5539
39.5594
39.5649
39.5704
39.5758
39.5812
39.5866
39.592
39.5974
39.6028
39.6082
39.6136
39.619
39.6244
39.6299
39.6353
39.6407
39.646
39.6514
39.6567
39.6621
39.6676
39.6731
39.6788
39.6845
39.6903
39.6959
39.7015
39.7071
39.7127
39.7182
39.7236
39.7289
39.7342
39.7395
39.7447
39.7499
39.7551
39.7603
39.7654
39.7707
39.7759
39.7811
39.7863
39.7914
39.7965
39.8017
39.8069
39.812
39.8171
39.8222
39.8273
39.8324
39.8375
39.8426
39.8476
39.8527
39.8578
39.8629
39.868
39.8731
39.8783
39.8835
39.8887
39.8939
39.8991
39.9042
39.9092
39.914
39.9187
39.9233
39.9278
39.9323
39.9367
39.9413
39.9459
39.9507
39.9556
39.9606
39.9659
39.9713
39.9769
39.9826
39.9883
39.994
39.9998
40.0057
40.0114
40.017
40.0224
40.0277
40.033
40.0381
40.0433
40.0485
40.0537
40.0591
40.0645
40.0701
40.0757
40.0814
40.0871
40.0929
40.0986
40.1041
40.1096
40.115
40.1204
40.1257
40.1309
40.1361
40.1414
40.1467
40.152
40.1573
40.1626
40.1678
40.1732
40.1786
40.1841
40.1897
40.1953
40.2009
40.2065
40.2121
40.2178
40.2234
40.229
40.2346
40.2401
40.2456
40.251
40.2564
40.2617
40.267
40.2723
40.2777
40.2832
40.2887
40.2943
40.2999
40.3056
40.3113
40.317
40.3227
40.3283
40.3338
40.3393
40.3446
40.3498
40.3548
40.3598
40.3647
40.3696
40.3745
40.3793
40.3843
40.3893
40.3944
40.3997
40.405
40.4103
40.4157
40.4211
40.4266
40.432
40.4374
40.4428
40.4482
40.4536
40.4591
40.4646
40.4701
40.4756
40.4812
40.4925
40.4925
40.498
40.5036
40.5091
40.5147
40.5204
40.5261
40.5317
40.5372
40.5428
40.5484
40.5542
40.5599
40.5657
40.5715
40.5773
40.5832
40.5891
40.5949
40.6006
40.6063
40.6119
40.6174
40.6229
40.6284
40.6339
40.6395
40.6451
40.6509
40.6566
40.6623
40.6679
40.6735
40.6791
40.6846
40.6902
40.6958
40.7014
40.707
40.7125
40.718
40.7234
40.729
40.7345
40.74
40.7455
40.751
40.7565
40.762
40.7675
40.773
40.7784
40.7838
40.789
40.7943
40.7995
40.8047
40.8099
40.8152
40.8205
40.8259
40.8313
40.8368
40.8424
40.8479
40.8535
40.859
40.8645
40.8699
40.8752
40.8803
40.8853
40.8901
40.8949
40.8995
40.9041
40.9085
40.9129
40.9174
40.922
40.9267
40.9313
40.9361
40.9409
40.9507
40.9507
40.9556
40.9606
40.9655
40.9704
40.9752
40.9799
40.9845
40.9889
40.9933
40.9978
41.0022
41.0066
41.0112
41.0159
41.0206
41.0255
41.0305
41.0356
41.0407
41.0459
41.0511
41.0563
41.0616
41.0669
41.0722
41.0775
41.0829
41.0882
41.0935
41.0988
41.104
41.1092
41.1144
41.1197
41.1251
41.1305
41.136
41.1416
41.1472
41.1527
41.1583
41.1638
41.1692
41.1747
41.1801
41.1855
41.1908
41.1961
41.2013
41.2064
41.2114
41.2162
41.2208
41.2254
41.2299
41.2343
41.2387
41.2474
41.2474
41.2518
41.2606
41.2606
41.265
41.2693
41.2735
41.2778
41.282
41.2862
41.2905
41.2948
41.2992
41.3038
41.3085
41.3134
41.3184
41.3236
41.3289
41.3395
41.3395
41.3448
41.35
41.3551
41.3603
41.3655
41.3706
41.3757
41.3808
41.3859
41.3911
41.3963
41.4015
41.4067
41.412
41.4173
41.4227
41.4281
41.4336
41.4391
41.4447
41.4504
41.4561
41.4618
41.4675
41.4731
41.4786
41.484
41.4894
41.4946
41.4997
41.5047
41.5143
41.5143
41.519
41.5235
41.528
41.5324
41.5369
41.5416
41.5462
41.551
41.5558
41.5607
41.5707
41.5707
41.5808
41.5808
41.5859
41.5962
41.5962
41.6014
41.6066
41.6117
41.6168
41.6219
41.6268
41.6317
41.6367
41.6418
41.6468
41.6519
41.6624
41.6624
41.6734
41.6734
41.6791
41.6849
41.6907
41.6966
41.7026
41.7088
41.7152
41.7218
41.7352
41.7352
41.742
41.7554
41.7622
41.7689
41.7689
41.7756
41.789
41.789
41.7955
41.8018
41.8018
41.8134
41.8187
41.8238
41.8325
41.8325
41.8363
41.8363
41.8475
41.8513
41.855
41.8587
41.8625
41.8587
41.8625
41.8737
41.8774
41.8811
41.8811
41.8849
41.8923
41.8961
41.8998
41.905
41.9116
41.9184
41.9251
41.9318
41.9386
41.9386
41.952
41.952
41.9655
41.9655
41.9775
41.9812
41.9849
41.9887
41.9887
41.9962
41.9999
42.0036
42.0074
42.0111
42.0111
42.0186
42.0223
42.026
42.0298
42.0335
42.0372
42.041
42.0449
42.0491
42.0533
42.0574
42.0617
42.0666
42.0725
42.0792
42.0859
42.0926
42.0994
42.1061
42.1128
42.1196
42.1263
42.133
42.1397
42.1461
42.1524
42.1585
42.1646
42.1705
42.1764
42.1821
42.1875
42.1928
42.1978
42.2027
42.2074
42.2074
42.2166
42.2214
42.2262
42.2312
42.2363
42.2413
42.2462
42.2509
42.2554
42.2599
42.2645
42.2691
42.2739
42.2789
42.2843
42.2843
42.2961
42.3026
42.3093
42.3161
42.3228
42.3295
42.3363
42.343
42.3497
42.3565
42.3632
42.3699
42.3765
42.3826
42.3883
42.3936
42.3987
42.4037
42.4086
42.4133
42.4178
42.4221
42.4262
42.4303
42.4343
42.4384
42.4426
42.4467
42.4509
42.4551
42.4594
42.4638
42.4685
42.4735
42.4788
42.4844
42.4903
42.4964
42.5026
42.509
42.5155
42.5222
42.5289
42.5356
42.5424
42.5491
42.5558
42.5626
42.5693
42.576
42.5828
42.5895
42.5962
42.603
42.6097
42.6164
42.6232
42.6299
42.6366
42.6434
42.6501
42.6568
42.6636
42.6703
42.677
42.677
42.6905
42.6905
42.7037
42.7102
42.7165
42.7227
42.7288
42.7348
42.7405
42.7461
42.7514
42.7565
42.7615
42.7665
42.7713
42.776
42.7807
42.7856
42.7905
42.7955
42.8006
42.8058
42.811
42.8163
42.8217
42.827
42.8323
42.8376
42.843
42.8486
42.8543
42.8601
42.8659
42.8719
42.8779
42.884
42.8902
42.8964
42.9026
42.9088
42.915
42.9212
42.9274
42.9335
42.9397
42.9458
42.952
42.9582
42.9645
42.9707
42.977
42.9832
42.9893
42.9955
43.0016
43.0076
43.0136
43.0195
43.0254
43.0313
43.0372
43.0431
43.049
43.055
43.061
43.067
43.073
43.079
43.0849
43.0907
43.0965
43.102
43.1075
43.1129
43.1184
43.1238
43.1293
43.1348
43.1402
43.1456
43.1512
43.1569
43.1628
43.1688
43.1751
43.1815
43.1882
43.1949
43.2016
43.2084
43.2151
43.2218
43.2286
43.2353
43.242
43.2488
43.2555
43.2622
43.269
43.2756
43.2822
43.2888
43.2953
43.3018
43.3083
43.3148
43.3213
43.3278
43.3341
43.3404
43.3465
43.3525
43.3583
43.3639
43.3695
43.375
43.3806
43.3861
43.3916
43.3971
43.4026
43.4081
43.4136
43.419
43.4244
43.4298
43.4351
43.4404
43.4458
43.4512
43.4568
43.4625
43.4682
43.474
43.4797
43.4855
43.4912
43.497
43.5027
43.5084
43.5142
43.5199
43.5256
43.5312
43.5368
43.5423
43.5478
43.5534
43.559
43.5646
43.5701
43.5756
43.5812
43.5868
43.5924
43.5981
43.6038
43.6096
43.6155
43.6215
43.6276
43.6337
43.6398
43.6458
43.6519
43.658
43.6642
43.6703
43.6764
43.6825
43.6885
43.6945
43.7003
43.7061
43.7118
43.7174
43.7231
43.7286
43.734
43.7394
43.7446
43.7498
43.755
43.7601
43.765
43.77
43.7748
43.7797
43.7846
43.7894
43.7942
43.7989
43.8037
43.8086
43.8134
43.8183
43.8232
43.8281
43.833
43.8378
43.8426
43.8474
43.8521
43.8569
43.8615
43.8661
43.8707
43.8752
43.8799
43.8848
43.89
43.8953
43.9006
43.9059
43.9112
43.9165
43.9219
43.9274
43.9328
43.9382
43.9436
43.949
43.9545
43.96
43.9656
43.9712
43.9768
43.9824
43.988
43.9936
43.9992
44.0047
44.0104
44.0161
44.0219
44.0277
44.0335
44.0393
44.0451
44.0508
44.0566
44.0622
44.0679
44.0735
44.0791
44.0846
44.0901
44.0955
44.1008
44.1061
44.1114
44.1167
44.1219
44.1272
44.1326
44.1381
44.1437
44.1493
44.155
44.1607
44.1664
44.1721
44.1777
44.1833
44.189
44.1946
44.2003
44.2061
44.2119
44.2177
44.2236
44.2296
44.2356
44.2417
44.2477
44.2537
44.2597
44.2655
44.2713
44.277
44.2826
44.2883
44.294
44.2997
44.3055
44.3112
44.3168
44.3224
44.3278
44.3333
44.3387
44.344
44.3492
44.3544
44.3596
44.3648
44.3699
44.375
44.3802
44.3853
44.3906
44.3958
44.4011
44.4063
44.4116
44.4169
44.4223
44.4277
44.4331
44.4386
44.444
44.4494
44.4548
44.4602
44.4656
44.4708
44.4761
44.4813
44.4867
44.4921
44.4976
44.5031
44.5087
44.5143
44.5199
44.5255
44.5311
44.5366
44.5421
44.5476
44.5531
44.5584
44.5637
44.5691
44.5745
44.58
44.5856
44.5912
44.5968
44.6026
44.6084
44.6142
44.6201
44.6259
44.6318
44.6378
44.6437
44.6496
44.6553
44.6609
44.6662
44.6714
44.6764
44.6812
44.6858
44.6905
44.695
44.6996
44.7042
44.7089
44.7135
44.7182
44.7229
44.7276
44.7323
44.737
44.7419
44.7467
44.7516
44.7565
44.7613
44.7661
44.771
44.7759
44.7808
44.7858
44.7909
44.7961
44.8013
44.8065
44.8116
44.8167
44.8218
44.8268
44.832
44.8372
44.8425
44.8478
44.8531
44.8585
44.864
44.8696
44.8752
44.8808
44.8864
44.892
44.8976
44.9031
44.9086
44.9141
44.9197
44.9254
44.931
44.9367
44.9424
44.9482
44.9539
44.9597
44.9654
44.9711
44.9767
44.9823
44.9879
44.9934
44.9989
45.0043
45.0098
45.0153
45.0208
45.0263
45.0317
45.0371
45.0425
45.0478
45.0531
45.0585
45.0639
45.0693
45.0748
45.0804
45.0861
45.0918
45.0976
45.1033
45.1091
45.1148
45.1205
45.1261
45.1316
45.1371
45.1427
45.1482
45.1537
45.1537
45.1645
45.1699
45.1754
45.1808
45.1863
45.1918
45.1973
45.2028
45.2084
45.214
45.2196
45.2251
45.2307
45.2362
45.2418
45.2474
45.2529
45.2583
45.2638
45.2694
45.2694
45.2807
45.2863
45.292
45.2977
45.3034
45.309
45.3146
45.3203
45.3259
45.3316
45.3372
45.3428
45.3483
45.3537
45.3591
45.3645
45.3698
45.375
45.3802
45.3853
45.3905
45.3958
45.4012
45.4066
45.4121
45.4176
45.4233
45.429
45.4347
45.4404
45.446
45.4514
45.4568
45.462
45.4671
45.4722
45.4772
45.4823
45.4875
45.4927
45.4979
45.5031
45.5084
45.5138
45.5191
45.5244
45.5294
45.5344
45.5391
45.5438
45.5483
45.5527
45.557
45.5613
45.5656
45.57
45.5744
45.5791
45.5838
45.5888
45.5938
45.5989
45.6039
45.6089
45.6138
45.6186
45.6233
45.6279
45.6325
45.6369
45.6413
45.6458
45.6505
45.6552
45.66
45.6649
45.6697
45.6745
45.6791
45.6837
45.688
45.6922
45.6961
45.6999
45.6999
45.7073
45.7111
45.7148
45.7186
45.7223
45.726
45.7298
45.7338
45.7379
45.7379
45.7463
45.7504
45.7545
45.7586
45.7626
45.7626
45.7707
45.7748
45.7789
45.7831
45.7873
45.7917
45.796
45.8005
45.805
45.8097
45.8145
45.8194
45.8244
45.8244
45.8345
45.8397
45.8448
45.85
45.855
45.86
45.8649
45.8697
45.8745
45.8791
45.8835
45.8877
45.8917
45.8917
45.8993
45.903
45.9068
45.9105
45.9143
45.918
45.9217
45.9255
45.9292
45.9292
45.9367
45.9404
45.9456
45.9524
45.9591
45.9658
45.9726
45.9793
45.986
45.986
45.9995
46.0062
46.013
46.0197
46.0197
46.0302
46.0339
46.0339
46.0414
46.0451
46.0489
46.0489
46.0563
46.0601
46.0638
46.0675
46.0713
46.075
46.0787
46.0787
46.0862
46.0899
46.0937
46.0937
46.1011
46.1011
46.1113
46.1179
46.1247
46.1247
46.1381
46.1449
46.1516
46.1583
46.1648
46.1707
46.176
46.176
46.1855
46.1901
46.1947
46.1995
46.2043
46.2043
46.2143
46.2195
46.2247
46.2299
46.2299
46.2398
46.2398
46.2489
46.2532
46.2575
46.2617
46.2662
46.271
46.2764
46.2821
46.288
46.2939
46.2939
46.2998
46.3056
46.3173
46.3232
46.3291
46.3349
46.3349
46.346
46.3514
46.3567
46.3619
46.3672
46.3725
46.3725
46.3779
46.3834
46.3891
46.4007
46.4007
46.4127
46.4127
46.4187
46.4247
46.4306
46.4419
46.4419
46.4473
46.4524
46.4572
46.4661
46.4661
46.4702
46.478
46.478
46.4861
46.4861
46.4951
46.4951
46.5001
46.5054
46.5109
46.5229
46.5229
46.5355
46.5355
46.542
46.5485
46.5619
46.5619
46.5754
46.5754
46.5821
46.5888
46.5956
46.6023
46.609
46.6157
46.6224
46.629
46.6353
46.6415
46.6476
46.6536
46.6595
46.6654
46.6713
46.6772
46.6832
46.6893
46.6955
46.7018
46.7081
46.7146
46.7211
46.7277
46.7343
46.741
46.7476
46.754
46.7604
46.7728
46.7728
46.7851
46.7851
46.7911
46.797
46.8029
46.8088
46.8148
46.8209
46.8333
46.8333
46.8396
46.846
46.8525
46.8592
46.8658
46.8725
46.8791
46.8857
46.8923
46.8988
46.9052
46.9115
46.9177
46.9237
46.9295
46.935
46.9405
46.946
46.9514
46.9569
46.9624
46.9679
46.9735
46.9791
46.9847
46.9902
46.9955
47.0005
47.0051
47.0092
47.0129
47.0167
47.0204
47.0241
47.0279
47.0353
47.0353
47.0391
47.0465
47.0465
47.0541
47.0541
47.0583
47.0627
47.0719
47.0719
47.0765
47.0809
47.0894
47.0894
47.0935
47.0977
47.1066
47.1066
47.1164
47.1164
47.1277
47.1277
47.1404
47.1404
47.1471
47.1539
47.1606
47.1671
47.1733
47.1792
47.19
47.19
47.1951
47.2002
47.2051
47.2102
47.2208
47.2208
47.2264
47.2323
47.2384
47.2448
47.2515
47.2582
47.2717
47.2717
47.2848
47.2848
47.2911
47.297
47.3081
47.3081
47.3133
47.3184
47.3233
47.3281
47.3329
47.3377
47.3425
47.3475
47.3527
47.3581
47.3636
47.3693
47.3809
47.3809
47.3868
47.3928
47.3986
47.4044
47.4156
47.4156
47.4212
47.4266
47.4373
47.4373
47.4427
47.4481
47.4535
47.4591
47.4649
47.4707
47.4767
47.4827
47.4887
47.4946
47.5005
47.5064
47.5123
47.5183
47.53
47.53
47.5359
47.5417
47.5476
47.5535
47.5651
47.5651
47.5709
47.5768
47.5826
47.5885
47.5944
47.6003
47.6123
47.6123
47.6183
47.6244
47.6304
47.6424
47.6484
47.6484
47.6543
47.6602
47.666
47.6718
47.6775
47.6889
47.6889
47.6945
47.7002
47.7118
47.7118
47.7177
47.7236
47.7294
47.7353
47.7413
47.7472
47.7531
47.759
47.7647
47.7705
47.7762
47.7818
47.7874
47.7929
47.7983
47.8039
47.8094
47.815
47.8205
47.826
47.8316
47.8372
47.8429
47.8487
47.8544
47.8602
47.866
47.8718
47.8776
47.8834
47.8892
47.8949
47.9007
47.9065
47.9122
47.918
47.9238
47.9297
47.9357
47.9418
47.9479
47.954
47.96
47.966
47.9721
47.9781
47.9841
47.99
47.9959
48.0018
48.0077
48.0136
48.0194
48.0252
48.0309
48.0366
48.0423
48.0479
48.0534
48.059
48.0646
48.0703
48.076
48.0817
48.0875
48.0934
48.0993
48.1053
48.1112
48.1171
48.123
48.1289
48.1348
48.1406
48.1465
48.1523
48.1581
48.1638
48.1696
48.1754
48.1812
48.1869
48.1926
48.1983
48.2041
48.2099
48.2157
48.2215
48.2273
48.2331
48.2388
48.2445
48.2502
48.2558
48.2614
48.2669
48.2725
48.2779
48.2833
48.2887
48.294
48.2993
48.3046
48.3099
48.3152
48.3205
48.3258
48.3311
48.3363
48.3415
48.3465
48.3515
48.3565
48.3614
48.3662
48.3709
48.3757
48.3804
48.3852
48.39
48.3946
48.3992
48.4037
48.4081
48.4125
48.4168
48.421
48.4252
48.4293
48.4332
48.437
48.4408
48.4445
48.4482
48.4521
48.4562
48.4605
48.4651
48.4698
48.4747
48.4798
48.4849
48.49
48.495
48.4998
48.5046
48.5093
48.514
48.5186
48.5231
48.5276
48.5322
48.5368
48.5415
48.5461
48.5508
48.5556
48.5604
48.5653
48.5701
48.5749
48.5797
48.5846
48.5894
48.5942
48.599
48.6039
48.609
48.6141
48.6191
48.624
48.6288
48.6336
48.6384
48.6433
48.6481
48.653
48.6579
48.6629
48.6681
48.6735
48.679
48.6846
48.6903
48.696
48.7017
48.7074
48.7129
48.7184
48.7237
48.7289
48.7341
48.7394
48.7446
48.7498
48.755
48.7603
48.7657
48.7711
48.7766
48.7821
48.7875
48.793
48.7984
48.8039
48.8092
48.8145
48.8198
48.825
48.8303
48.8355
48.8408
48.846
48.8513
48.8565
48.8615
48.8665
48.8715
48.8764
48.8814
48.8864
48.8915
48.8966
48.9017
48.9069
48.9121
48.9174
48.9227
48.9282
48.9336
48.939
48.9444
48.9498
48.9551
48.9604
48.9657
48.9709
48.9761
48.9812
48.9863
48.9913
48.9964
49.0016
49.0067
49.0118
49.017
49.0222
49.0274
49.0327
49.0379
49.0431
49.0483
49.0536
49.0589
49.0642
49.0695
49.0748
49.08
49.0852
49.0905
49.0957
49.1008
49.1058
49.1108
49.1158
49.1208
49.1257
49.1306
49.1355
49.1405
49.1457
49.151
49.1565
49.1621
49.1677
49.1735
49.1792
49.185
49.1908
49.1965
49.2021
49.2077
49.2133
49.2189
49.2244
49.2299
49.2355
49.241
49.2465
49.252
49.2575
49.263
49.2685
49.274
49.2796
49.2851
49.2906
49.2962
49.3018
49.3073
49.3128
49.3182
49.3236
49.329
49.3343
49.3396
49.3449
49.3501
49.3554
49.3607
49.3661
49.3714
49.3768
49.3821
49.3875
49.3928
49.3981
49.4033
49.4085
49.4137
49.419
49.4242
49.4294
49.4345
49.4396
49.4447
49.4497
49.4548
49.4598
49.4648
49.4699
49.4749
49.48
49.4851
49.4902
49.4953
49.5004
49.5055
49.5106
49.5156
49.5207
49.5257
49.5307
49.5358
49.5408
49.5459
49.5509
49.556
49.5609
49.5659
49.5708
49.5756
49.5806
49.5858
49.591
49.5964
49.6018
49.607
49.6121
49.6168
49.621
49.6248
49.6285
49.6323
49.636
49.6397
49.6435
49.6472
49.6517
49.6578
49.6645
49.6712
49.678
49.6847
49.6914
49.6982
49.7049
49.7116
49.7184
49.725
49.7306
49.7349
49.7386
49.7424
49.7461
49.7501
49.7551
49.7611
49.7677
49.7744
49.7809
49.7865
49.7908
49.7946
49.7983
49.802
49.8058
49.8095
49.8132
49.817
49.8207
49.8244
49.8282
49.8319
49.8356
49.8394
49.8431
49.8469
49.8506
49.8543
49.8581
49.8618
49.8656
49.8698
49.8747
49.8801
49.8857
49.8915
49.8973
49.9033
49.9097
49.9164
49.9232
49.9299
49.9366
49.9434
49.9501
49.9568
49.9636
49.9703
49.977
49.9838
49.9905
49.9972
50.004
50.0107
50.0172
50.0237
50.0299
50.036
50.0418
50.0474
50.0527
50.0578
50.0629
50.0679
50.0728
50.0776
50.0823
50.0871
50.092
50.0971
50.1023
50.1076
50.113
50.1185
50.124
50.1295
50.1349
50.1402
50.1457
50.1512
50.1568
50.1623
50.1679
50.1735
50.1792
50.185
50.191
50.197
50.203
50.2089
50.2148
50.2205
50.226
50.2313
50.2364
50.2413
50.2462
50.2511
50.2561
50.2612
50.2666
50.2722
50.278
50.2839
50.2899
50.296
50.302
50.308
50.3139
50.3197
50.3254
50.331
50.3365
50.342
50.3475
50.353
50.3585
50.3641
50.3698
50.3756
50.3815
50.3873
50.3932
50.3991
50.405
50.4108
50.4166
50.4224
50.4281
50.4338
50.4395
50.4451
50.4507
50.4564
50.4622
50.4682
50.4743
50.4804
50.4866
50.4929
50.4991
50.5054
50.5115
50.5175
50.5233
50.5291
50.5347
50.5403
50.5458
50.5513
50.5567
50.562
50.5673
50.5726
50.5779
50.5833
50.5887
50.5942
50.5997
50.6052
50.6105
50.6158
50.6211
50.6265
50.6319
50.6373
50.6428
50.6484
50.6541
50.6598
50.6656
50.6713
50.677
50.6826
50.6882
50.6937
50.6992
50.7047
50.7101
50.7154
50.7207
50.7259
50.731
50.7361
50.7412
50.7463
50.7515
50.7569
50.7623
50.7678
50.7734
50.7789
50.7845
50.7901
50.7957
50.8013
50.807
50.8128
50.8185
50.8242
50.8299
50.8357
50.8417
50.8478
50.854
50.8602
50.8664
50.8727
50.879
50.8853
50.8915
50.8976
50.9036
50.9094
50.9151
50.9207
50.9262
50.9316
50.937
50.9424
50.9477
50.9531
50.9585
50.9639
50.9694
50.9749
50.9804
50.986
50.9916
50.997
51.0024
51.0075
51.0124
51.0172
51.0217
51.026
51.0303
51.0344
51.0385
51.0427
51.047
51.0514
51.0559
51.0603
51.0648
51.0693
51.0737
51.0782
51.0827
51.0872
51.0916
51.096
51.1006
51.1053
51.1101
51.1151
51.1203
51.1255
51.1308
51.1363
51.1418
51.1473
51.1528
51.1583
51.1637
51.1691
51.1746
51.1801
51.1858
51.1915
51.1974
51.2032
51.2091
51.215
51.2209
51.2269
51.2329
51.2389
51.2449
51.2508
51.2567
51.2626
51.2685
51.2744
51.2802
51.286
51.2917
51.2973
51.303
51.3085
51.314
51.3194
51.3249
51.3303
51.3358
51.3411
51.3463
51.3515
51.3567
51.3618
51.3669
51.372
51.3772
51.3823
51.3875
51.3928
51.398
51.4032
51.4084
51.4137
51.4191
51.4245
51.4299
51.4353
51.4407
51.4462
51.4516
51.457
51.4624
51.4677
51.473
51.4784
51.4838
51.4893
51.4947
51.5002
51.5057
51.5112
51.5167
51.5221
51.5276
51.533
51.5385
51.544
51.5495
51.555
51.5604
51.5658
51.5712
51.5766
51.582
51.5872
51.5924
51.5976
51.6028
51.6078
51.6127
51.6175
51.6223
51.6272
51.6322
51.6372
51.6423
51.6475
51.6527
51.658
51.6634
51.6687
51.6739
51.6792
51.6845
51.6897
51.6948
51.6999
51.705
51.7101
51.7152
51.7204
51.7255
51.7307
51.7359
51.7411
51.7464
51.7517
51.7571
51.7625
51.7679
51.7734
51.7789
51.7845
51.79
51.7954
51.8008
51.8061
51.8114
51.8166
51.8217
51.8267
51.8317
51.8365
51.8413
51.8462
51.8512
51.8562
51.8614
51.8666
51.8718
51.877
51.8824
51.8877
51.8931
51.8986
51.904
51.9093
51.9147
51.92
51.9252
51.9303
51.9352
51.9401
51.945
51.9499
51.9548
51.9597
51.9646
51.9695
51.9745
51.9795
51.9845
51.9895
51.9945
51.9996
52.0048
52.01
52.0153
52.0207
52.0261
52.0316
52.0373
52.043
52.0488
52.0546
52.0604
52.0662
52.072
52.0778
52.0834
52.089
52.0946
52.1001
52.1055
52.1109
52.1161
52.1214
52.1266
52.1318
52.137
52.142
52.1471
52.1521
52.1572
52.1623
52.1675
52.1726
52.1779
52.1832
52.1886
52.1941
52.1997
52.2053
52.2109
52.2165
52.2221
52.2276
52.2331
52.2385
52.2439
52.2492
52.2544
52.2596
52.2646
52.2696
52.2746
52.2797
52.2848
52.29
52.2952
52.3006
52.306
52.3115
52.3171
52.3226
52.3282
52.3339
52.3396
52.3453
52.351
52.3568
52.3625
52.3683
52.3741
52.3799
52.3857
52.3915
52.3972
52.4029
52.4086
52.4142
52.4199
52.4255
52.4311
52.4367
52.4425
52.4483
52.4541
52.4599
52.4658
52.4718
52.4778
52.4838
52.4898
52.4958
52.5017
52.5076
52.5134
52.5191
52.5248
52.5304
52.5361
52.5416
52.5472
52.5527
52.5584
52.5642
52.57
52.576
52.5819
52.5878
52.5938
52.5998
52.6058
52.6118
52.6178
52.6238
52.6298
52.6358
52.6418
52.6478
52.6538
52.6597
52.6656
52.6715
52.6775
52.6835
52.6895
52.6955
52.7015
52.7074
52.7134
52.7194
52.7255
52.7317
52.7378
52.7439
52.7499
52.7558
52.7617
52.7675
52.7732
52.7789
52.7846
52.7902
52.7958
52.8014
52.807
52.8125
52.818
52.8236
52.8291
52.8348
52.8405
52.8462
52.8518
52.8576
52.8634
52.8693
52.8752
52.881
52.8869
52.8928
52.8987
52.9046
52.9104
52.9162
52.922
52.9277
52.9335
52.9392
52.9449
52.9504
52.956
52.9615
52.967
52.9726
52.9781
52.9836
52.9891
52.9947
53.0002
53.0057
53.0112
53.0168
53.0224
53.028
53.0336
53.039
53.0445
53.05
53.0555
53.061
53.0665
53.0719
53.0774
53.0828
53.0884
53.0939
53.0994
53.1049
53.1103
53.1158
53.1212
53.1267
53.1322
53.1378
53.1434
53.1489
53.1545
53.16
53.1654
53.1708
53.1762
53.1817
53.1872
53.1927
53.1982
53.2037
53.2093
53.2148
53.2204
53.2259
53.2315
53.237
53.2426
53.2482
53.2537
53.2593
53.2648
53.2704
53.276
53.2815
53.287
53.2923
53.2975
53.3027
53.3077
53.3128
53.3177
53.3227
53.3276
53.3326
53.3376
53.3427
53.3478
53.3529
53.3581
53.3634
53.3689
53.3744
53.3799
53.3856
53.3912
53.397
53.4027
53.4084
53.4142
53.42
53.4259
53.4319
53.4378
53.4436
53.4493
53.455
53.4607
53.4662
53.4716
53.477
53.4823
53.4877
53.4931
53.4986
53.5041
53.5096
53.5151
53.5207
53.5262
53.5317
53.5373
53.5429
53.5486
53.5545
53.5603
53.5662
53.5721
53.5779
53.5838
53.5896
53.5953
53.601
53.6067
53.6124
53.6181
53.6237
53.6292
53.6346
53.6398
53.645
53.6502
53.6556
53.6611
53.6666
53.6722
53.6778
53.6833
53.6889
53.6944
53.7
53.7056
53.7112
53.7168
53.7223
53.7277
53.7331
53.7385
53.7438
53.749
53.7542
53.7593
53.7644
53.7695
53.7746
53.7796
53.7847
53.7899
53.7951
53.8004
53.8056
53.8108
53.816
53.8212
53.8264
53.8315
53.8366
53.8417
53.8468
53.852
53.8571
53.8623
53.8675
53.8728
53.8781
53.8836
53.8892
53.8949
53.9007
53.9065
53.9124
53.9182
53.924
53.9297
53.9353
53.9408
53.9464
53.9519
53.9574
53.9629
53.9683
53.9737
53.9792
53.9847
53.9902
53.9957
54.0012
54.0068
54.0125
54.0183
54.0241
54.0299
54.0356
54.0413
54.047
54.0527
54.0583
54.0639
54.0695
54.0752
54.0809
54.0866
54.0921
54.0977
54.1031
54.1086
54.1142
54.1197
54.1253
54.1309
54.1366
54.1423
54.148
54.1537
54.1593
54.1649
54.1705
54.1761
54.1817
54.1873
54.193
54.1987
54.2044
54.21
54.2155
54.221
54.2264
54.2318
54.2371
54.2425
54.2479
54.2533
54.2586
54.2639
54.2693
54.2747
54.2801
54.2856
54.2911
54.2965
54.3019
54.3072
54.3124
54.3176
54.3228
54.328
54.3333
54.3385
54.3437
54.3491
54.3544
54.3597
54.3649
54.3699
54.3749
54.3799
54.3849
54.3898
54.3947
54.3996
54.4045
54.4095
54.4145
54.4195
54.4245
54.4294
54.4344
54.4394
54.4444
54.4494
54.4545
54.4596
54.4648
54.47
54.4753
54.4807
54.4861
54.4916
54.4971
54.5027
54.5082
54.5136
54.519
54.5244
54.5297
54.5351
54.5404
54.5456
54.5509
54.5563
54.5615
54.5667
54.5717
54.5768
54.5819
54.587
54.5921
54.5971
54.6022
54.6073
54.6125
54.6177
54.6228
54.6279
54.633
54.638
54.643
54.6479
54.6528
54.6577
54.6625
54.6673
54.6722
54.677
54.682
54.6869
54.692
54.6972
54.7025
54.7079
54.7133
54.7188
54.7242
54.7297
54.7352
54.7407
54.7461
54.7516
54.757
54.7625
54.768
54.7734
54.7788
54.7843
54.7897
54.7952
54.8007
54.8061
54.8115
54.817
54.8224
54.8279
54.8332
54.8385
54.8438
54.8491
54.8544
54.8598
54.865
54.8702
54.8753
54.8804
54.8856
54.8908
54.896
54.9012
54.9064
54.9117
54.917
54.9224
54.9276
54.9329
54.9383
54.9436
54.9489
54.9541
54.9593
54.9645
54.9697
54.9749
54.9802
54.9854
54.9908
54.9961
55.0015
55.007
55.0124
55.0179
55.0234
55.029
55.0347
55.0404
55.0461
55.0518
55.0575
55.063
55.0685
55.074
55.0794
55.0848
55.0902
55.0957
55.1013
55.1069
55.1125
55.1181
55.1238
55.1295
55.1352
55.1409
55.1465
55.1522
55.1578
55.1634
55.169
55.1746
55.1801
55.1857
55.1914
55.197
55.2026
55.2082
55.2138
55.2195
55.2251
55.2308
55.2363
55.2418
55.2473
55.2527
55.2582
55.2636
55.269
55.2744
55.2799
55.2853
55.2908
55.2962
55.3015
55.3067
55.3118
55.3168
55.3218
55.3267
55.3317
55.3367
55.3418
55.347
55.352
55.3571
55.3621
55.3672
55.3722
55.3773
55.3823
55.3874
55.3925
55.3976
55.4027
55.4078
55.413
55.4182
55.4235
55.4288
55.4342
55.4396
55.445
55.4505
55.456
55.4614
55.4669
55.4722
55.4776
55.483
55.4884
55.4993
55.4993
55.5047
55.5047
55.5154
55.5207
55.5259
55.5311
55.5363
55.5414
55.5466
55.5517
55.5568
55.5618
55.5668
55.5719
55.5769
55.582
55.587
55.5919
55.5969
55.6019
55.607
55.6119
55.6169
55.6218
55.6267
55.6317
55.6367
55.6416
55.6466
55.6516
55.6566
55.6617
55.6669
55.672
55.6771
55.6823
55.6873
55.6923
55.6972
55.702
55.7068
55.7116
55.7164
55.7212
55.7259
55.7306
55.7352
55.7397
55.7439
55.748
55.7556
55.7556
55.7593
55.763
55.7668
55.7705
55.7742
55.778
55.7817
55.7854
55.7892
55.7929
55.7966
55.8004
55.8078
55.8078
55.8116
55.8153
55.819
55.8228
55.8265
55.8302
55.834
55.8377
55.8414
55.8452
55.8489
55.853
55.8579
55.8631
55.8679
55.872
55.8757
55.8794
55.8832
55.8869
55.8906
55.8944
55.8981
55.9018
55.9056
55.9093
55.913
55.9168
55.9205
55.9242
55.928
55.9317
55.9354
55.9397
55.9451
55.9516
55.9583
55.9651
55.9718
55.9784
55.9846
55.9907
55.9967
56.0028
56.009
56.0151
56.0212
56.0272
56.0335
56.04
56.0468
56.0535
56.0602
56.067
56.0804
56.0804
56.0872
56.0939
56.1006
56.1074
56.1141
56.1208
56.1343
56.1343
56.1409
56.1472
56.1531
56.1587
56.1641
56.1692
56.1742
56.1792
56.1841
56.189
56.1939
56.1988
56.2036
56.2085
56.2134
56.2183
56.2231
56.2279
56.2326
56.2374
56.2422
56.2469
56.2515
56.2561
56.2608
56.2652
56.2695
56.2735
56.2773
56.2811
56.2849
56.2886
56.2924
56.2962
56.3001
56.3041
56.3125
56.3125
56.3125
56.3216
56.3265
56.3315
56.3419
56.3419
56.3531
56.3531
56.3591
56.3653
56.3716
56.378
56.3845
56.391
56.4041
56.4041
56.4106
56.4171
56.43
56.43
56.4428
56.4428
56.4491
56.4554
56.4618
56.4683
56.4748
56.4814
56.4879
56.4943
56.5007
56.507
56.5133
56.5195
56.5257
56.5317
56.5375
56.5488
56.5488
56.5543
56.5596
56.5648
56.57
56.5752
56.5802
56.5853
56.5954
56.5954
56.6006
56.6058
56.611
56.6164
56.6217
56.627
56.6376
56.6376
56.6427
56.6477
56.6526
56.6575
56.6671
56.6671
56.6768
56.6817
56.6817
56.6867
56.6918
56.697
56.7023
56.7077
56.7132
56.719
56.7248
56.7308
56.7431
56.7431
56.7494
56.7556
56.7677
56.7737
56.7737
56.7857
56.7917
56.7917
56.7976
56.8096
56.8096
56.8155
56.8215
56.8332
56.8332
56.8389
56.8504
56.8504
56.8617
56.8673
56.8728
56.8784
56.8784
56.8897
56.8897
56.8953
56.9008
56.9064
56.912
56.9176
56.9232
56.9287
56.9341
56.9395
56.9501
56.9501
56.9553
56.9604
56.9705
56.9755
56.9755
56.9805
56.9903
56.9952
57.0001
57.0001
57.005
57.0099
57.0146
57.0194
57.0243
57.0347
57.0347
57.0402
57.0458
57.0516
57.0575
57.0635
57.0694
57.0753
57.0813
57.0872
57.0932
57.0992
57.1052
57.1173
57.1173
57.1233
57.1293
57.1353
57.1472
57.1472
57.153
57.1588
57.1645
57.1701
57.1757
57.1867
57.1867
57.1921
57.1974
57.2028
57.2135
57.2189
57.2189
57.2243
57.2297
57.2351
57.2458
57.2458
57.2513
57.2622
57.2622
57.2676
57.273
57.2783
57.2836
57.2889
57.2941
57.2993
57.3044
57.3149
57.3149
57.3202
57.3256
57.3309
57.3418
57.3418
57.3473
57.3529
57.3583
57.3639
57.3695
57.3811
57.3811
57.3869
57.3928
57.3987
57.4048
57.411
57.4174
57.4238
57.4304
57.4437
57.4437
57.4572
57.4572
57.4706
57.4706
57.4774
57.4841
57.497
57.497
57.5095
57.5095
57.5156
57.5275
57.5333
57.5333
57.5449
57.5449
57.5507
57.5566
57.5625
57.5743
57.5743
57.5803
57.5925
57.5925
57.5987
57.6049
57.6112
57.624
57.6304
57.6304
57.6367
57.6429
57.6552
57.6552
57.667
57.6727
57.6727
57.6838
57.6893
57.6893
57.6948
57.7059
57.7059
57.7115
57.7171
57.7287
57.7346
57.7346
57.7406
57.753
57.753
57.7593
57.7656
57.7781
57.7781
57.7907
57.797
57.8032
57.8032
57.8154
57.8215
57.8215
57.8276
57.8337
57.8398
57.8458
57.8577
57.8635
57.8691
57.8691
57.8745
57.8848
57.8848
57.8945
57.8992
57.8945
57.9039
57.9138
57.9138
57.9244
57.9299
57.9356
57.9416
57.9356
57.9478
57.9606
57.9606
57.974
57.9807
57.9807
57.9874
58.0009
58.0009
58.0144
58.0144
58.0278
58.0346
58.0346
58.048
58.0548
58.0548
58.0682
58.075
58.0817
58.0817
58.0884
58.0952
58.1086
58.1154
58.1221
58.1221
58.1356
58.1356
58.1422
58.1553
58.1618
58.1618
58.1683
58.1813
58.1813
58.1877
58.2005
58.2005
58.2069
58.2133
58.226
58.2323
58.2386
58.2386
58.2449
58.2574
58.2636
58.2636
58.2757
58.2757
58.2817
58.2876
58.2934
58.3049
58.3106
58.3163
58.3219
58.3274
58.3329
58.3329
58.3439
58.3439
58.3548
58.3548
58.3658
58.3658
58.3769
58.3769
58.3879
58.3879
58.3987
58.4041
58.4093
58.4143
58.4193
58.4241
58.429
58.429
58.4388
58.4435
58.4483
58.4483
58.4579
58.4626
58.4673
58.4673
58.472
58.4766
58.4813
58.4861
58.4909
58.4957
58.5052
58.5052
58.5099
58.5146
58.5192
58.5238
58.5284
58.533
58.542
58.5464
58.5507
58.555
58.5593
58.5593
58.568
58.568
58.5771
58.5818
58.5867
58.5917
58.5968
58.602
58.6074
58.6128
58.6184
58.6184
58.6294
58.635
58.6405
58.6459
58.6513
58.6566
58.6618
58.6618
58.672
58.677
58.6818
58.6865
58.6911
58.6865
58.6997
58.7038
58.7078
58.7118
58.7157
58.7157
58.7239
58.7239
58.7326
58.7372
58.7372
58.747
58.7522
58.7574
58.7627
58.7681
58.7734
58.7787
58.7787
58.7891
58.7941
58.7991
58.8039
58.8086
58.8132
58.8177
58.8221
58.8263
58.8305
58.8346
58.8387
58.8428
58.8468
58.8508
58.8549
58.8591
58.8633
58.8676
58.8719
58.8764
58.881
58.8857
58.8905
58.8954
58.9004
58.9054
58.9105
58.9157
58.9207
58.9258
58.9258
58.9359
58.9409
58.9459
58.9508
58.9556
58.9604
58.9653
58.9701
58.9749
58.9797
58.9846
58.9895
58.9945
58.9995
59.0045
59.0096
59.0147
59.0199
59.0252
59.0252
59.0359
59.0413
59.0468
59.0523
59.0578
59.0633
59.0689
59.0744
59.0799
59.0799
59.091
59.0967
59.0967
59.1081
59.114
59.1198
59.1257
59.1316
59.1375
59.1434
59.1493
59.1552
59.161
59.1667
59.1723
59.1779
59.1834
59.1888
59.1941
59.1994
59.2048
59.2101
59.2155
59.2209
59.2263
59.2318
59.2374
59.243
59.2486
59.2542
59.2598
59.2654
59.271
59.2766
59.2822
59.2878
59.2933
59.2987
59.3041
59.3095
59.3147
59.3199
59.3251
59.3302
59.3352
59.3402
59.3452
59.3502
59.3553
59.3553
59.3656
59.3708
59.376
59.3812
59.3865
59.3918
59.3971
59.4023
59.4075
59.4126
59.4176
59.4226
59.4274
59.4321
59.4367
59.4412
59.4458
59.4504
59.455
59.4596
59.4641
59.4686
59.4732
59.4779
59.4826
59.4872
59.4919
59.4967
59.5013
59.5058
59.5102
59.5143
59.5183
59.5221
59.5258
59.5296
59.5333
59.537
59.5408
59.5445
59.5482
59.552
59.5557
59.5595
59.5636
59.5678
59.5722
59.5767
59.5812
59.5859
59.5905
59.5951
59.5997
59.6042
59.6087
59.6133
59.6178
59.6224
59.6269
59.6314
59.636
59.6407
59.6454
59.6501
59.6549
59.6597
59.6646
59.6696
59.6745
59.6796
59.6846
59.6897
59.6949
59.7002
59.7055
59.7108
59.7161
59.7215
59.7269
59.7322
59.7375
59.7428
59.748
59.7532
59.7584
59.7636
59.7687
59.7738
59.779
59.7841
59.7892
59.7944
59.7995
59.8046
59.8098
59.8151
59.8203
59.8256
59.8308
59.836
59.8413
59.8465
59.8517
59.8569
59.8621
59.8672
59.8724
59.8775
59.8826
59.8877
59.8929
59.8981
59.9033
59.9085
59.9138
59.9191
59.9244
59.9297
59.9349
59.9402
59.9454
59.9506
59.9558
59.961
59.9662
59.9714
59.9766
59.9818
59.987
59.9923
59.9976
60.0028
60.0081
60.0134
60.0187
60.024
60.0293
60.0345
60.0397
60.0449
60.0501
60.0553
60.0606
60.0658
60.0709
60.0761
60.0814
60.0867
60.0919
60.0972
60.1026
60.1079
60.1133
60.1186
60.1238
60.1291
60.1343
60.1396
60.1449
60.1502
60.1554
60.1607
60.166
60.1713
60.1766
60.1818
60.1871
60.1924
60.1976
60.2029
60.2081
60.2133
60.2185
60.2237
60.2289
60.234
60.2392
60.2443
60.2495
60.2546
60.2598
60.2649
60.27
60.275
60.2801
60.2852
60.2903
60.2953
60.3003
60.3052
60.3102
60.3152
60.3202
60.3252
60.3302
60.3352
60.3403
60.3455
60.3507
60.3559
60.3611
60.3664
60.3717
60.377
60.3822
60.3875
60.3927
60.3979
60.4032
60.4085
60.4137
60.4189
60.4241
60.4292
60.4343
60.4393
60.4443
60.4494
60.4545
60.4597
60.4649
60.4702
60.4754
60.4806
60.4859
60.4911
60.4963
60.5014
60.5065
60.5117
60.5169
60.522
60.5273
60.5325
60.5377
60.543
60.5484
60.5538
60.5591
60.5644
60.5697
60.575
60.5803
60.5856
60.5908
60.596
60.6011
60.6062
60.6113
60.6164
60.6215
60.6266
60.6318
60.637
60.6422
60.6475
60.6527
60.658
60.658
60.6633
60.6686
60.6738
60.679
60.6842
60.6893
60.6945
60.6996
60.7046
60.7096
60.7146
60.7198
60.725
60.7301
60.7353
60.7405
60.7457
60.7509
60.7561
60.7612
60.7664
60.7715
60.7767
60.7819
60.7871
60.7923
60.7975
60.8027
60.8079
60.8132
60.8184
60.8237
60.829
60.8344
60.8397
60.845
60.8502
60.8554
60.8606
60.8658
60.871
60.8762
60.8814
60.8866
60.8918
60.897
60.9022
60.9074
60.9126
60.9177
60.923
60.9282
60.9334
60.9387
60.9439
60.9492
60.9545
60.9599
60.9652
60.9704
60.9757
60.981
60.9863
60.9916
60.9969
61.0022
61.0075
61.0128
61.0181
61.0234
61.0287
61.034
61.0392
61.0446
61.0499
61.0552
61.0605
61.0658
61.0712
61.0766
61.082
61.0874
61.0928
61.0981
61.1036
61.109
61.1144
61.1198
61.1252
61.1306
61.136
61.1414
61.1468
61.1522
61.1577
61.1631
61.1686
61.1741
61.1796
61.1851
61.1906
61.1961
61.2017
61.2072
61.2128
61.2185
61.2242
61.2299
61.2356
61.2413
61.247
61.2526
61.2583
61.264
61.2697
61.2753
61.2809
61.2865
61.2921
61.2977
61.3032
61.3087
61.3141
61.3196
61.3251
61.3305
61.336
61.3416
61.3472
61.3529
61.3586
61.3642
61.3699
61.3755
61.3811
61.3867
61.3924
61.398
61.4035
61.409
61.4145
61.4201
61.4256
61.4311
61.4365
61.442
61.4475
61.453
61.4585
61.464
61.4695
61.475
61.4805
61.4861
61.4916
61.4972
61.5028
61.5084
61.514
61.5195
61.525
61.5305
61.5359
61.5414
61.5467
61.5521
61.5574
61.5627
61.5679
61.5732
61.5785
61.5838
61.5891
61.5944
61.5997
61.6049
61.6101
61.6154
61.6206
61.626
61.6314
61.6368
61.6423
61.6477
61.6532
61.6588
61.6644
61.6701
61.6757
61.6812
61.6867
61.6923
61.6979
61.7034
61.7088
61.7142
61.7196
61.725
61.7304
61.7358
61.7412
61.7466
61.7521
61.7575
61.763
61.7684
61.7739
61.7794
61.7849
61.7905
61.7962
61.8018
61.8075
61.8132
61.8189
61.8246
61.8304
61.8361
61.8417
61.8475
61.8531
61.8588
61.8644
61.87
61.8756
61.8811
61.8867
61.8922
61.8978
61.9033
61.9089
61.9145
61.9201
61.9257
61.9312
61.9368
61.9424
61.948
61.9535
61.9591
61.9646
61.9702
61.9758
61.9814
61.9869
61.9924
61.9979
62.0034
62.0089
62.0144
62.0199
62.0253
62.0307
62.0361
62.0416
62.0471
62.0525
62.0579
62.0633
62.0687
62.0742
62.0796
62.0849
62.0902
62.0955
62.1009
62.1063
62.1116
62.1169
62.1222
62.1275
62.1328
62.138
62.1433
62.1486
62.1538
62.1591
62.1644
62.1696
62.1749
62.1802
62.1856
62.1909
62.1962
62.2015
62.2068
62.2121
62.2174
62.2226
62.2279
62.2332
62.2384
62.2436
62.2489
62.2541
62.2593
62.2645
62.2697
62.2749
62.2801
62.2853
62.2905
62.2957
62.3009
62.3061
62.3113
62.3165
62.3216
62.3268
62.332
62.3372
62.3423
62.3475
62.3525
62.3576
62.3628
62.3679
62.373
62.3781
62.3832
62.3884
62.3935
62.3987
62.4038
62.4089
62.4141
62.4192
62.4244
62.4296
62.4348
62.44
62.4452
62.4504
62.4557
62.4609
62.4661
62.4712
62.4764
62.4816
62.4867
62.4918
62.4968
62.5019
62.507
62.5122
62.5173
62.5225
62.5276
62.5328
62.538
62.5433
62.5485
62.5536
62.5587
62.5639
62.569
62.574
62.579
62.584
62.589
62.594
62.5991
62.6041
62.6091
62.6141
62.6191
62.6242
62.6292
62.6342
62.6392
62.6442
62.6492
62.6542
62.6592
62.6642
62.6691
62.6741
62.6791
62.6842
62.6892
62.6943
62.6995
62.7047
62.7099
62.7151
62.7203
62.7255
62.7307
62.736
62.7413
62.7465
62.7517
62.7568
62.7619
62.7669
62.7719
62.7769
62.7819
62.7869
62.792
62.7973
62.8025
62.8078
62.8131
62.8184
62.8239
62.8295
62.835
62.8404
62.8458
62.8513
62.8569
62.8626
62.8683
62.8739
62.8795
62.8849
62.8902
62.8955
62.9007
62.906
62.9115
62.917
62.9225
62.928
62.9335
62.939
62.9445
62.95
62.9555
62.9609
62.9665
62.972
62.9775
62.9831
62.9886
62.9942
62.9997
63.0052
63.0107
63.0163
63.0217
63.0272
63.0326
63.038
63.0435
63.049
63.0544
63.0599
63.0654
63.071
63.0767
63.0825
63.0882
63.0941
63.1001
63.1063
63.1126
63.1191
63.1255
63.1318
63.138
63.1438
63.1493
63.1545
63.1595
63.1643
63.1691
63.174
63.1789
63.1838
63.1889
63.194
63.1992
63.2043
63.2095
63.2146
63.2196
63.2246
63.2296
63.2346
63.2396
63.2446
63.2496
63.2546
63.2597
63.2648
63.2699
63.2749
63.28
63.285
63.29
63.295
63.3
63.3051
63.3103
63.3155
63.3207
63.3259
63.331
63.3362
63.3414
63.3466
63.3517
63.3568
63.362
63.3672
63.3725
63.3778
63.3832
63.3885
63.3939
63.3993
63.4047
63.4101
63.4154
63.4208
63.4261
63.4314
63.4367
63.4419
63.4472
63.4525
63.4578
63.4632
63.4685
63.4737
63.4789
63.484
63.4893
63.4946
63.4999
63.5052
63.5106
63.5159
63.5212
63.5264
63.5316
63.5368
63.542
63.5472
63.5524
63.5576
63.5627
63.5678
63.573
63.5782
63.5834
63.5887
63.5939
63.5992
63.6046
63.61
63.6154
63.6209
63.6264
63.632
63.6376
63.6433
63.6489
63.6546
63.6604
63.6662
63.6722
63.6782
63.6842
63.6902
63.6963
63.7023
63.7084
63.7145
63.7205
63.7265
63.7325
63.7386
63.7447
63.7508
63.7568
63.7628
63.7688
63.7749
63.7809
63.787
63.7931
63.7992
63.8054
63.8115
63.8175
63.8234
63.8293
63.8352
63.8412
63.8472
63.8534
63.8598
63.8662
63.8727
63.8793
63.8858
63.8923
63.8986
63.9049
63.9111
63.9172
63.9233
63.9293
63.9353
63.9414
63.9479
63.9545
63.9613
63.968
63.9747
63.9815
63.9882
63.9949
64.0017
64.0084
64.0151
64.0219
64.0286
64.0353
64.0419
64.0485
64.0549
64.0614
64.0679
64.0743
64.0805
64.0867
64.0928
64.099
64.1052
64.1113
64.1172
64.1231
64.1291
64.135
64.141
64.1469
64.1528
64.1587
64.1646
64.1704
64.176
64.1816
64.187
64.1923
64.1975
64.2027
64.2076
64.2125
64.2173
64.2221
64.2267
64.2313
64.2357
64.2401
64.2445
64.2488
64.253
64.2571
64.2611
64.2652
64.2695
64.2739
64.2784
64.283
64.2878
64.2927
64.2978
64.303
64.3082
64.3133
64.3185
64.3238
64.3291
64.3345
64.3399
64.3453
64.3509
64.3564
64.3618
64.3673
64.3727
64.3781
64.3835
64.3889
64.3942
64.3994
64.4045
64.4096
64.4147
64.4198
64.4248
64.4299
64.435
64.4401
64.4454
64.4506
64.4559
64.4612
64.4666
64.4719
64.4773
64.4827
64.4881
64.4934
64.4987
64.5041
64.5095
64.5148
64.5201
64.5254
64.5308
64.5361
64.5415
64.5469
64.5523
64.5578
64.5633
64.5689
64.5745
64.5801
64.5856
64.5911
64.5966
64.6019
64.6072
64.6122
64.6171
64.6219
64.6268
64.6316
64.6364
64.6411
64.6459
64.6508
64.6558
64.6609
64.666
64.6711
64.6763
64.6815
64.6867
64.6919
64.6971
64.7022
64.7073
64.7124
64.7173
64.7221
64.7269
64.7317
64.7364
64.7411
64.7457
64.7502
64.7548
64.7594
64.7641
64.7689
64.7738
64.7787
64.7837
64.7888
64.7939
64.7991
64.8042
64.8094
64.8146
64.8198
64.825
64.8302
64.8354
64.8406
64.8458
64.851
64.856
64.8609
64.8657
64.8704
64.875
64.8796
64.8841
64.8886
64.8931
64.8975
64.902
64.9065
64.9111
64.9158
64.9205
64.9253
64.93
64.9348
64.9396
64.9443
64.9489
64.9536
64.9582
64.9628
64.9672
64.9717
64.9761
64.9805
64.985
64.9895
64.994
64.9986
65.0034
65.0083
65.0132
65.0182
65.0232
65.0284
65.0337
65.0392
65.0451
65.0511
65.0572
65.0634
65.0696
65.0757
65.0816
65.0873
65.0929
65.0984
65.1037
65.1091
65.1144
65.1198
65.1252
65.1307
65.1363
65.1417
65.1472
65.1526
65.1581
65.1636
65.1692
65.1748
65.1806
65.1865
65.1925
65.1986
65.2048
65.2111
65.2175
65.2238
65.2301
65.2363
65.2424
65.2483
65.2541
65.2597
65.2653
65.2707
65.276
65.2812
65.2863
65.2913
65.2963
65.3012
65.3061
65.3109
65.3156
65.3203
65.3248
65.3293
65.3337
65.3381
65.3425
65.347
65.3514
65.3558
65.3602
65.3646
65.369
65.3734
65.3779
65.3825
65.3872
65.3919
65.3966
65.4015
65.4063
65.4113
65.4163
65.4213
65.4265
65.4316
65.4368
65.4419
65.4471
65.4522
65.4574
65.4625
65.4676
65.4728
65.478
65.4834
65.4889
65.4944
65.5001
65.506
65.512
65.5181
65.5243
65.5304
65.5365
65.5426
65.5487
65.5546
65.5604
65.566
65.5715
65.5769
65.5822
65.5874
65.5924
65.5974
65.6024
65.6073
65.6123
65.6172
65.6221
65.627
65.6319
65.6367
65.6415
65.6462
65.6509
65.6556
65.6602
65.6646
65.669
65.6732
65.6774
65.6815
65.6856
65.6897
65.6937
65.6978
65.7019
65.7061
65.7103
65.7145
65.7187
65.7229
65.727
65.7311
65.7352
65.7392
65.7432
65.7471
65.7511
65.7552
65.7594
65.7636
65.7678
65.7721
65.7766
65.7813
65.7862
65.7913
65.7966
65.8021
65.8077
65.8135
65.8192
65.8249
65.8305
65.836
65.8414
65.8467
65.8518
65.8569
65.8618
65.8668
65.8717
65.8767
65.8816
65.8865
65.8914
65.8962
65.901
65.9059
65.9108
65.9157
65.9207
65.9257
65.9306
65.9354
65.9401
65.9448
65.9495
65.9541
65.9587
0
0
0
0
0
0
0
0
0
0
0
0
0
0
0
0
0
0
0
0
0
0
0
0
0
0
0
0
0
0
0
0
0
0
0
0
0
0
0
0
0
0
0
0
0
0
0
0
0
0
0
0
0
0
0
0
0
0
0
0
0
0
0
0
0
0
0
0
0
0
0
0
0
0
0
0
0
0
0
0
0
0
0
0
0
0
0
0
0
0
0
0
0
0
0
0
0
0
0
0
0
0
0
0
0
0
0
0
0
0
0
0
0
0
0
0
0
0
0
0
0
0
0
0
0
0
0
0
0
0
0
0
0
0
0
0
0
0
0
0
0
0
0
0
0
0
0
0
0
0
0
0
0
0
0
0
0
0
0
0
0
0
0
0
0
0
0
0
0
0
0
0
0
0
0
0
0
0
0
0
0
0
0
0
0
0
0
0
0
0
0
0
0
0
0
0
0
0
0
0
0
0
0
0
0
0
0
0
0
0
0
0
0
0
0
0
0
0
0
0
0
0
0
0
0
0
0
0
0
0
0
0
0
0
0
0
0
0
0
0
0
0
0
0
0
0
0
0
0
0
0
0
0
0
0
0
0
0
0
0
0
0
0
0
0
0
0
0
0
0
0
0
0
0
0
0
0
0
0
0
0
0
0
0
0
0
0
0
0
0
0
0
0
0
0
0
0
0
0
0
0
0
0
0
0
0
0
0
0
0
0
0
0
0
0
0
0
0
0
0
0
0
0
0
0
0
0
0
0
0
0
0
0
0
0
0
0
0
0
0
0
0
0
0
0
0
0
0
0
0
0
0
0
0
0
0
0
0
0
0
0
0
0
0
0
0
0
0
0
0
0
0
0
0
0
0
0
0
0
0
0
0
0
0
