0.986375
0.987666
0.98895
0.990224
0.991485
0.99275
0.994031
0.995306
0.996571
0.997834
0.999108
1.00041
1.00171
1.00301
1.00431
1.00561
1.00692
1.00821
1.00947
1.01072
1.01199
1.01328
1.01459
1.01589
1.01718
1.01846
1.01972
1.02098
1.02225
1.02353
1.02483
1.02614
1.02744
1.02873
1.03003
1.03133
1.03265
1.03396
1.03526
1.03655
1.03783
1.03909
1.04033
1.04157
1.04283
1.04411
1.04542
1.04671
1.04799
1.04928
1.0506
1.0519
1.05319
1.05447
1.05576
1.05706
1.05836
1.05965
1.06094
1.06221
1.06346
1.0647
1.06595
1.06722
1.06852
1.06982
1.07112
1.07243
1.07372
1.07502
1.07633
1.07764
1.07894
1.08022
1.08149
1.08277
1.08405
1.08533
1.08661
1.0879
1.0892
1.09049
1.09177
1.09304
1.0943
1.09557
1.09684
1.09812
1.09938
1.10064
1.10191
1.10318
1.10445
1.10574
1.10704
1.10834
1.10963
1.11093
1.11226
1.1136
1.11493
1.11625
1.11757
1.11888
1.12017
1.12145
1.12271
1.12395
1.1252
1.12645
1.12772
1.12898
1.13027
1.13156
1.13285
1.13412
1.13539
1.13667
1.13798
1.13931
1.1406
1.14186
1.14311
1.14437
1.14562
1.14687
1.14814
1.14945
1.15077
1.15208
1.15338
1.15466
1.15594
1.15722
1.1585
1.15977
1.16107
1.16239
1.16371
1.16499
1.16623
1.16746
1.16869
1.16996
1.17122
1.17248
1.17372
1.17499
1.17628
1.17755
1.1788
1.18005
1.18131
1.18258
1.18386
1.18514
1.18641
1.18767
1.18891
1.19015
1.19142
1.1927
1.19399
1.19527
1.19655
1.19782
1.19907
1.20032
1.20158
1.20288
1.20418
1.20549
1.2068
1.2081
1.20939
1.21069
1.21198
1.21325
1.21452
1.2158
1.21709
1.21837
1.21963
1.22088
1.22215
1.22346
1.22479
1.2261
1.22738
1.22865
1.22992
1.23121
1.23253
1.23385
1.23516
1.23645
1.23773
1.23903
1.24033
1.24163
1.24292
1.24422
1.24552
1.24681
1.24809
1.24936
1.25062
1.25188
1.25314
1.25444
1.25575
1.25709
1.25844
1.25979
1.26112
1.26242
1.26369
1.26497
1.26625
1.26753
1.26882
1.27009
1.27137
1.27265
1.27394
1.27525
1.27657
1.27789
1.27917
1.28044
1.28167
1.2829
1.28417
1.28545
1.28673
1.28801
1.28929
1.29054
1.29177
1.29304
1.29434
1.29565
1.29697
1.2983
1.2996
1.30087
1.30213
1.30341
1.3047
1.306
1.3073
1.30858
1.30984
1.31108
1.31232
1.31355
1.31481
1.31609
1.3174
1.3187
1.31998
1.32126
1.32252
1.32376
1.32499
1.32626
1.32755
1.32884
1.33014
1.33144
1.33271
1.33398
1.33519
1.3364
1.3376
1.33886
1.34018
1.34149
1.34278
1.344
1.34525
1.34654
1.34786
1.34918
1.35049
1.35177
1.35301
1.35423
1.35548
1.35674
1.35802
1.3593
1.36058
1.36184
1.36313
1.36439
1.36565
1.36691
1.36822
1.36955
1.37085
1.37213
1.3734
1.37466
1.37589
1.37713
1.37841
1.37973
1.38105
1.38233
1.38357
1.3848
1.38606
1.38739
1.38871
1.39002
1.39128
1.39257
1.39389
1.39521
1.3965
1.39774
1.399
1.40027
1.4016
1.40292
1.40421
1.40549
1.40674
1.40799
1.40924
1.41048
1.41174
1.41302
1.41436
1.41569
1.41697
1.41828
1.4196
1.42098
1.42234
1.42366
1.42495
1.42624
1.42754
1.42884
1.43012
1.43139
1.43264
1.43388
1.43514
1.4364
1.43765
1.43891
1.44018
1.44147
1.44275
1.44404
1.44533
1.44665
1.44793
1.4492
1.4505
1.45182
1.45309
1.45434
1.45563
1.45697
1.4583
1.45961
1.4609
1.46217
1.46342
1.4647
1.46595
1.46719
1.46847
1.46982
1.47116
1.47244
1.47371
1.47499
1.47631
1.47761
1.4789
1.48017
1.48144
1.48268
1.48391
1.48514
1.4864
1.48766
1.48893
1.49024
1.49156
1.49287
1.49414
1.49541
1.49667
1.49794
1.49924
1.50057
1.5019
1.50322
1.50451
1.50577
1.50699
1.50817
1.50941
1.51069
1.51201
1.51332
1.51467
1.51602
1.51732
1.5186
1.5199
1.52122
1.52251
1.52379
1.52508
1.52635
1.52757
1.52877
1.53003
1.53134
1.53264
1.5339
1.53514
1.53641
1.53767
1.53891
1.54019
1.54155
1.54292
1.54427
1.54565
1.547
1.5483
1.5496
1.55095
1.55228
1.55353
1.55479
1.5561
1.55738
1.55863
1.5599
1.56121
1.56254
1.56388
1.56519
1.56644
1.56764
1.56888
1.57016
1.57145
1.57275
1.57409
1.57541
1.57668
1.57792
1.57919
1.58045
1.58173
1.58303
1.58434
1.58557
1.58676
1.58797
1.58917
1.5904
1.59165
1.59294
1.59421
1.59549
1.59682
1.59812
1.59939
1.60068
1.602
1.60326
1.6045
1.6058
1.60712
1.60835
1.60954
1.61078
1.61204
1.61329
1.61456
1.61586
1.61716
1.61846
1.61975
1.62103
1.62229
1.62356
1.62488
1.6262
1.62749
1.62878
1.63008
1.63137
1.63266
1.63393
1.63524
1.63653
1.63779
1.63904
1.64033
1.64161
1.64286
1.64412
1.64541
1.64674
1.64803
1.64936
1.65073
1.65208
1.65341
1.6547
1.65599
1.65723
1.65849
1.65978
1.66108
1.66237
1.66363
1.66486
1.66612
1.66744
1.66882
1.67013
1.6714
1.67267
1.67397
1.67529
1.6766
1.67794
1.67927
1.68061
1.68193
1.6832
1.68448
1.68576
1.68705
1.68834
1.68967
1.69104
1.69239
1.69371
1.69499
1.69626
1.69751
1.69877
1.70004
1.70135
1.70269
1.70398
1.70528
1.70653
1.7078
1.70904
1.71029
1.71162
1.71299
1.71435
1.71564
1.7169
1.71819
1.71947
1.72075
1.72204
1.72335
1.72468
1.72594
1.72719
1.72845
1.72971
1.73098
1.73229
1.73365
1.73498
1.73627
1.73758
1.73889
1.74014
1.74137
1.74268
1.74403
1.74535
1.74662
1.74792
1.74923
1.75047
1.75169
1.75292
1.7542
1.75547
1.75675
1.75804
1.7593
1.76053
1.76178
1.76307
1.76439
1.76569
1.76703
1.76842
1.76978
1.77109
1.77235
1.77365
1.77495
1.77625
1.77757
1.77891
1.78025
1.78153
1.78278
1.78404
1.7853
1.78658
1.78786
1.78917
1.79043
1.79163
1.79286
1.79418
1.79553
1.79687
1.79819
1.79952
1.80079
1.80201
1.80324
1.80453
1.80583
1.8071
1.80837
1.80964
1.81093
1.81222
1.81352
1.81488
1.81623
1.81756
1.81885
1.82015
1.82143
1.82266
1.82391
1.82518
1.82648
1.82779
1.82907
1.83033
1.83158
1.83285
1.83416
1.83547
1.83676
1.83805
1.8393
1.84052
1.84172
1.84299
1.84432
1.84565
1.84696
1.84823
1.84947
1.8507
1.85197
1.85327
1.85456
1.8558
1.85701
1.85822
1.85943
1.86061
1.86183
1.86313
1.86445
1.86573
1.86698
1.86828
1.86963
1.87093
1.87221
1.87351
1.87486
1.87621
1.87755
1.87889
1.88016
1.88142
1.8827
1.88406
1.8854
1.88667
1.88794
1.88919
1.89044
1.89168
1.89297
1.8943
1.89565
1.89697
1.89828
1.89957
1.90086
1.90212
1.90339
1.90467
1.90599
1.90731
1.90863
1.90993
1.91122
1.91254
1.91388
1.91523
1.9165
1.91768
1.91887
1.92012
1.92142
1.92271
1.92399
1.92529
1.92659
1.92787
1.92914
1.93044
1.93179
1.93313
1.9344
1.93565
1.93688
1.93812
1.93936
1.94062
1.94192
1.94321
1.9445
1.94577
1.94704
1.94831
1.9496
1.95092
1.95222
1.95347
1.95472
1.95596
1.95725
1.95856
1.95989
1.96119
1.96243
1.9637
1.96497
1.96627
1.96751
1.96876
1.97005
1.97138
1.97271
1.97398
1.97522
1.97649
1.97779
1.97908
1.98033
1.98158
1.98284
1.9841
1.98538
1.98667
1.98796
1.98923
1.99051
1.99181
1.99313
1.99445
1.99574
1.99703
1.99835
1.99967
2.00096
2.00225
2.00356
2.00485
2.0061
2.00736
2.00864
2.00994
2.01124
2.01257
2.01386
2.01511
2.01633
2.01756
2.01884
2.02013
2.02141
2.02271
2.02402
2.02528
2.02646
2.02766
2.02894
2.03028
2.03159
2.03288
2.03418
2.03547
2.03674
2.03802
2.03935
2.0407
2.04204
2.04334
2.04459
2.04584
2.04712
2.04844
2.04976
2.05105
2.05232
2.05357
2.05483
2.05608
2.05732
2.05858
2.05986
2.06117
2.06247
2.06375
2.06502
2.06628
2.06754
2.06882
2.07013
2.07144
2.07274
2.07404
2.07532
2.07659
2.07783
2.0791
2.0804
2.08169
2.08295
2.0842
2.08544
2.08669
2.08796
2.08924
2.09054
2.09181
2.09305
2.09428
2.09551
2.09673
2.09796
2.09921
2.1005
2.1018
2.10307
2.10431
2.10554
2.10679
2.1081
2.10944
2.11078
2.1121
2.11339
2.11467
2.11594
2.11723
2.11853
2.11983
2.12112
2.12237
2.12359
2.12481
2.12605
2.12732
2.12861
2.12992
2.1312
2.13246
2.13368
2.13494
2.13623
2.13754
2.13886
2.14016
2.14145
2.14274
2.14401
2.14528
2.14655
2.14782
2.14908
2.15033
2.1516
2.15289
2.15417
2.15547
2.15676
2.15804
2.15932
2.16059
2.16188
2.16316
2.16446
2.16576
2.16707
2.16837
2.16967
2.17095
2.17222
2.17348
2.17478
2.17609
2.17741
2.17872
2.18002
2.18131
2.1826
2.1839
2.1852
2.18646
2.18771
2.18896
2.19027
2.1917
2.19313
2.1946
2.19615
2.19767
2.19888
2.19931
2.1992
2.19899
2.19878
2.19857
2.19836
2.19814
2.19793
2.19772
2.19751
2.1973
2.19709
2.19688
2.19667
2.19645
2.19624
2.19603
2.19582
2.19561
2.1954
2.19519
2.19498
2.19476
2.19455
2.19434
2.19413
2.19392
2.19371
2.1935
2.19329
2.19307
2.19286
2.19265
2.19244
2.19223
2.19202
2.19181
2.19232
2.19433
2.19712
2.19991
2.2027
2.20549
2.20828
2.21107
2.21386
2.21665
2.21944
2.22213
2.22445
2.22621
2.22741
2.22823
2.22865
2.22862
2.2284
2.22819
2.22798
2.22777
2.22756
2.22735
2.22714
2.22693
2.22671
2.2265
2.22629
2.22608
2.22587
2.22566
2.22545
2.22524
2.22502
2.22481
2.2246
2.22439
2.22418
2.22397
2.22376
2.22355
2.22333
2.22312
2.22291
2.2227
2.22249
2.22228
2.22207
2.22186
2.22164
2.22143
2.22122
2.22101
2.2208
2.22059
2.22038
2.22017
2.21995
2.21974
2.21953
2.21932
2.21911
2.2189
2.21869
2.21848
2.21826
2.21805
2.21784
2.21763
2.21749
2.21734
2.21713
2.21692
2.21681
2.21734
2.21854
2.22006
2.22196
2.22426
2.22682
2.22937
2.23174
2.23385
2.23561
2.23692
2.23771
2.23837
2.23947
2.24149
2.24419
2.24698
2.24977
2.25256
2.25535
2.25814
2.26093
2.26372
2.26651
2.2693
2.27208
2.27487
2.27766
2.28035
2.28268
2.2847
2.28647
2.28803
2.28941
2.29067
2.29197
2.2933
2.29467
2.29607
2.29774
2.30005
2.3028
2.30559
2.30838
2.31117
2.31396
2.31675
2.31954
2.32233
2.32512
2.32791
2.33069
2.33348
2.33627
2.33906
2.34185
2.34464
2.34743
2.35022
2.35301
2.3558
2.35858
2.36105
2.36289
2.3642
2.36517
2.36604
2.36711
2.36864
2.37078
2.37342
2.37621
2.379
2.38179
2.38458
2.38737
2.39016
2.39295
2.39573
2.39852
2.40131
2.4041
2.40689
2.40968
2.41247
2.41526
2.41805
2.42081
2.42342
2.4258
2.42789
2.42968
2.43112
2.43221
2.43306
2.43399
2.43525
2.43691
2.4389
2.44128
2.44399
2.44678
2.44956
2.45235
2.45514
2.45793
2.46072
2.46351
2.4663
2.46896
2.47119
2.4729
2.47429
2.47558
2.47689
2.47821
2.47957
2.48115
2.48299
2.48486
2.48657
2.48804
2.48937
2.49077
2.4924
2.49437
2.49676
2.49948
2.50227
2.50506
2.50785
2.51063
2.51342
2.51621
2.519
2.52179
2.52458
2.52737
2.53016
2.53295
2.53574
2.53853
2.54131
2.5441
2.54689
2.54968
2.55247
2.55526
2.55805
2.56084
2.56363
2.56642
2.5692
2.57199
2.57474
2.57723
2.57918
2.58054
2.58145
2.58216
2.58259
2.58259
2.58238
2.58217
2.58196
2.58175
2.58153
2.58132
2.58111
2.5809
2.58069
2.58048
2.58027
2.58006
2.57984
2.57963
2.57942
2.57921
2.579
2.57879
2.57858
2.57837
2.57816
2.57794
2.57773
2.57757
2.57816
2.58021
2.583
2.58579
2.58858
2.59137
2.59415
2.59694
2.59973
2.60252
2.60531
2.6081
2.61089
2.61368
2.61647
2.61926
2.62205
2.62483
2.62762
2.63041
2.6332
2.63599
2.63878
2.64157
2.64436
2.64715
2.64994
2.65272
2.65551
2.6583
2.66107
2.66324
2.66424
2.66434
2.66413
2.66392
2.66371
2.66349
2.66328
2.66307
2.66286
2.66265
2.66244
2.66223
2.66202
2.6618
2.66181
2.6621
2.66218
2.66197
2.66176
2.66154
2.66133
2.66118
2.6614
2.66238
2.66419
2.66657
2.66919
2.67179
2.67426
2.67655
2.67872
2.68082
2.68293
2.68506
2.68711
2.68899
2.69075
2.69241
2.69378
2.69463
2.69493
2.69501
2.69517
2.69541
2.69543
2.69522
2.69501
2.6948
2.69459
2.69437
2.69416
2.69395
2.69374
2.69353
2.69332
2.69311
2.6929
2.69268
2.69247
2.69226
2.69205
2.69184
2.69163
2.69142
2.69121
2.69099
2.69078
2.69057
2.69036
2.69015
2.68994
2.68973
2.68952
2.6893
2.68909
2.68888
2.68867
2.68846
2.68825
2.68804
2.68783
2.68761
2.6874
2.68719
2.68698
2.68677
2.68656
2.68635
2.68614
2.68593
2.68571
2.6855
2.68529
2.68508
2.68487
2.68493
2.68572
2.68749
2.69005
2.69284
2.69563
2.69842
2.70121
2.704
2.70679
2.70957
2.71236
2.71515
2.71771
2.71949
2.72024
2.72027
2.72006
2.71984
2.71963
2.71942
2.71921
2.719
2.71879
2.71945
2.72162
2.72441
2.7272
2.72999
2.73278
2.73557
2.73835
2.74102
2.74294
2.74371
2.74373
2.74352
2.74331
2.7431
2.74289
2.74268
2.74247
2.74225
2.74274
2.74472
2.74751
2.7503
2.75309
2.75588
2.75867
2.76146
2.76424
2.76703
2.76982
2.77244
2.77424
2.77473
2.77453
2.77431
2.7741
2.77389
2.77368
2.77347
2.77326
2.77335
2.77425
2.77613
2.77868
2.78147
2.78426
2.78694
2.78898
2.78995
2.79007
2.78986
2.78965
2.78944
2.78923
2.78902
2.78881
2.7886
2.78838
2.78817
2.78796
2.78775
2.78754
2.78735
2.78742
2.78787
2.78851
2.78924
2.78997
2.7906
2.791
2.79105
2.79088
2.79067
2.79046
2.79025
2.79003
2.78982
2.78975
2.79017
2.79133
2.79338
2.79603
2.79882
2.80161
2.8044
2.80719
2.80998
2.81277
2.81555
2.81834
2.82113
2.82392
2.82661
2.82896
2.83079
2.83206
2.83283
2.83321
2.83333
2.83333
2.83334
2.83352
2.83405
2.835
2.83633
2.83785
2.83938
2.8407
2.84174
2.84256
2.84335
2.84433
2.8456
2.84716
2.84896
2.85092
2.85307
2.85543
2.85802
2.86078
2.86357
2.86636
2.86915
2.87194
2.87472
2.87751
2.8803
2.88309
2.88588
2.88867
2.89146
2.89425
2.89704
2.89983
2.90262
2.9054
2.90819
2.91098
2.91377
2.91656
2.91935
2.92214
2.92493
2.92772
2.93051
2.93329
2.93608
2.93887
2.94166
2.94423
2.94644
2.94842
2.95027
2.952
2.95353
2.95476
2.95553
2.95571
2.95553
2.95532
2.95511
2.9549
2.95469
2.95453
2.95461
2.95503
2.95563
2.95624
2.95669
2.95687
2.95678
2.95657
2.95636
2.95614
2.95593
2.95572
2.95551
2.9553
2.95509
2.95488
2.95475
2.95484
2.95526
2.95613
2.9575
2.95935
2.96156
2.96393
2.96634
2.96869
2.97088
2.97275
2.9742
2.97525
2.976
2.97666
2.97733
2.97808
2.97892
2.97989
2.98105
2.98242
2.98408
2.98605
2.98833
2.99083
2.99345
2.99609
2.99869
3.00121
3.00369
3.00613
3.0085
3.01077
3.01292
3.01498
3.01693
3.01874
3.02041
3.02195
3.02346
3.02501
3.0267
3.02854
3.03051
3.03254
3.03459
3.03665
3.03868
3.04062
3.04246
3.04425
3.04605
3.04787
3.04967
3.05144
3.05315
3.05487
3.05661
3.0583
3.05981
3.06114
3.06239
3.0637
3.0651
3.06638
3.06729
3.06771
3.06772
3.06753
3.06732
3.06711
3.06689
3.06668
3.06647
3.06626
3.06605
3.06584
3.06572
3.06577
3.06595
3.06621
3.06652
3.06692
3.06732
3.06761
3.06765
3.06749
3.06728
3.06707
3.06686
3.06665
3.06643
3.06622
3.06601
3.0658
3.06559
3.06538
3.06517
3.06502
3.06501
3.06513
3.06534
3.06568
3.06619
3.06692
3.06786
3.06897
3.07024
3.07164
3.07314
3.07469
3.07616
3.07746
3.07853
3.07937
3.07996
3.08033
3.08054
3.08071
3.08096
3.08134
3.08184
3.08251
3.08334
3.08434
3.08546
3.08663
3.08782
3.08901
3.09025
3.09152
3.09277
3.09396
3.09513
3.09634
3.09761
3.09895
3.10032
3.10177
3.10333
3.10503
3.10682
3.10857
3.11011
3.11137
3.11235
3.11318
3.11397
3.11483
3.1158
3.11692
3.11822
3.1198
3.12171
3.12395
3.12649
3.12921
3.132
3.13479
3.13758
3.14037
3.14316
3.14595
3.14874
3.15145
3.15396
3.15626
3.15848
3.16071
3.16304
3.16547
3.168
3.17061
3.17325
3.17589
3.17848
3.18102
3.18348
3.18583
3.188
3.18995
3.1917
3.19329
3.19478
3.19622
3.19765
3.19915
3.20072
3.20234
3.20394
3.20548
3.20697
3.20843
3.20985
3.21119
3.21246
3.21367
3.21488
3.21615
3.21753
3.219
3.22046
3.22185
3.22319
3.22452
3.22587
3.22724
3.22866
3.23014
3.23166
3.23324
3.23488
3.23652
3.23813
3.23969
3.24115
3.24252
3.24382
3.24506
3.24627
3.24746
3.24866
3.24983
3.25096
3.25204
3.25309
3.25409
3.25503
3.25595
3.25685
3.25774
3.25858
3.25936
3.26008
3.26077
3.26149
3.26229
3.26314
3.26401
3.26486
3.26568
3.26646
3.26726
3.26811
3.26906
3.27015
3.27141
3.27284
3.27439
3.27604
3.27778
3.2796
3.28146
3.2833
3.2851
3.28686
3.28856
3.29018
3.2917
3.29315
3.29455
3.29586
3.29707
3.2982
3.29928
3.30033
3.30139
3.3025
3.30367
3.30494
3.30632
3.30784
3.30947
3.31118
3.31295
3.31473
3.31647
3.31815
3.31982
3.32152
3.32324
3.32501
3.32682
3.32866
3.33051
3.33239
3.3343
3.33625
3.33824
3.34027
3.34229
3.34427
3.34619
3.34808
3.34991
3.35164
3.35324
3.35474
3.35614
3.35744
3.35865
3.35976
3.36078
3.36166
3.36241
3.36303
3.36356
3.36403
3.3645
3.36499
3.3655
3.36606
3.36672
3.36749
3.36837
3.3693
3.37026
3.37125
3.37233
3.37351
3.3748
3.37614
3.37744
3.37865
3.37979
3.38086
3.38187
3.38281
3.38367
3.38449
3.38528
3.38606
3.38679
3.38749
3.3882
3.38893
3.3897
3.3905
3.39132
3.39214
3.39295
3.39375
3.39462
3.39559
3.39663
3.39772
3.39883
3.4
3.4012
3.40242
3.40361
3.4048
3.40598
3.40718
3.40844
3.40979
3.41127
3.41284
3.41447
3.41612
3.41782
3.41957
3.42136
3.42317
3.42496
3.42672
3.42841
3.42997
3.43139
3.43268
3.43389
3.43506
3.43624
3.43745
3.43863
3.43977
3.44086
3.44197
3.4431
3.44426
3.44541
3.44655
3.44776
3.44904
3.45039
3.45177
3.45315
3.45453
3.45595
3.4574
3.45888
3.46038
3.46195
3.46358
3.46529
3.46703
3.46878
3.47054
3.47236
3.47423
3.4761
3.4779
3.47962
3.48124
3.48275
3.48416
3.4855
3.48681
3.4881
3.48936
3.4906
3.49184
3.4931
3.49436
3.49564
3.49694
3.49821
3.49943
3.50061
3.50181
3.50305
3.50432
3.50556
3.50677
3.50798
3.50926
3.51061
3.51201
3.51347
3.515
3.51661
3.51827
3.51993
3.52155
3.52309
3.52455
3.52596
3.52736
3.52878
3.53021
3.53165
3.53301
3.53426
3.53544
3.53657
3.53765
3.53866
3.53964
3.54062
3.54159
3.54254
3.54343
3.54425
3.54504
3.54588
3.54675
3.54761
3.54846
3.54931
3.55021
3.55115
3.55211
3.55304
3.55392
3.55472
3.55548
3.55621
3.55694
3.55771
3.55854
3.55949
3.56058
3.5618
3.56308
3.56436
3.56566
3.56702
3.56845
3.5699
3.57138
3.57286
3.5743
3.57566
3.57697
3.57826
3.57957
3.58091
3.58226
3.58361
3.58495
3.58626
3.58747
3.58853
3.58941
3.59014
3.59073
3.59123
3.59171
3.59226
3.59294
3.59372
3.59461
3.5956
3.59667
3.59778
3.59888
3.59992
3.60091
3.60192
3.60301
3.60422
3.60551
3.60676
3.60791
3.60897
3.61006
3.61128
3.61267
3.61421
3.61587
3.61766
3.61957
3.62157
3.6236
3.62555
3.62739
3.6291
3.63067
3.63209
3.63337
3.63454
3.6356
3.63654
3.63731
3.63796
3.63862
3.63944
3.64055
3.64195
3.64363
3.64552
3.64759
3.64982
3.65214
3.65444
3.65661
3.65859
3.66042
3.6622
3.66406
3.66594
3.66762
3.66899
3.6703
3.67193
3.67403
3.67639
3.6787
3.68081
3.68277
3.6847
3.68655
3.68821
3.6896
3.69075
3.69177
3.69274
3.69369
3.69463
3.69565
3.69694
3.69858
3.70051
3.70261
3.70474
3.70676
3.70855
3.71015
3.71172
3.71331
3.71477
3.71581
3.71633
3.71648
3.71651
3.71658
3.71675
3.71698
3.71719
3.71728
3.71732
3.71744
3.7177
3.71808
3.71853
3.71899
3.71939
3.71972
3.72017
3.72091
3.72196
3.72316
3.72439
3.72565
3.72688
3.72806
3.72922
3.73041
3.73161
3.73279
3.73387
3.73477
3.7355
3.73616
3.73691
3.73787
3.73899
3.74022
3.74153
3.7429
3.74433
3.74585
3.74743
3.749
3.75053
3.75201
3.75348
3.75496
3.75648
3.75804
3.75966
3.76132
3.76294
3.76443
3.76575
3.76689
3.76792
3.7689
3.7699
3.77096
3.77205
3.77314
3.77416
3.77507
3.7759
3.7767
3.7775
3.77832
3.77917
3.78012
3.78116
3.78234
3.78365
3.78505
3.78655
3.78817
3.78998
3.79199
3.79418
3.79651
3.79898
3.80158
3.80431
3.8071
3.80988
3.81264
3.81518
3.81732
3.81903
3.82028
3.82104
3.8213
3.82122
3.82101
3.8208
3.82058
3.82037
3.82016
3.81995
3.81974
3.81959
3.81957
3.81971
3.81999
3.82043
3.82104
3.82171
3.8223
3.82268
3.82288
3.82301
3.82321
3.82357
3.82409
3.82469
3.82533
3.826
3.82676
3.82762
3.82857
3.82961
3.83072
3.83189
3.8331
3.83432
3.83552
3.83667
3.83769
3.83849
3.83908
3.83964
3.84039
3.84146
3.84282
3.84446
3.84636
3.84846
3.85067
3.85286
3.85482
3.85642
3.85765
3.85856
3.85919
3.8595
3.8595
3.85932
3.85911
3.8589
3.85868
3.85847
3.85826
3.85815
3.85826
3.85856
3.85894
3.85929
3.85951
3.8596
3.85976
3.8603
3.8613
3.86254
3.86369
3.86453
3.86502
3.86519
3.86509
3.86488
3.86467
3.86446
3.86424
3.86403
3.86382
3.86361
3.8634
3.86319
3.86298
3.86289
3.86304
3.86339
3.86405
3.86521
3.86698
3.86933
3.87203
3.87482
3.87761
3.8804
3.88319
3.88598
3.88876
3.89151
3.89366
3.89474
3.89492
3.8947
3.89457
3.89461
3.89475
3.89477
3.89471
3.89486
3.89556
3.89697
3.89896
3.90126
3.90365
3.90598
3.90815
3.91001
3.91143
3.91236
3.91275
3.9127
3.91249
3.91228
3.91207
3.91186
3.91165
3.91159
3.91205
3.91325
3.91506
3.91732
3.9199
3.92265
3.92544
3.92823
3.93102
3.9338
3.93659
3.93927
3.94179
3.94418
3.94646
3.94863
3.95064
3.95244
3.95401
3.95534
3.95647
3.95749
3.95841
3.95918
3.95973
3.96002
3.96012
3.96018
3.96035
3.96077
3.96144
3.96235
3.96346
3.96474
3.9662
3.96789
3.96986
3.97207
3.97448
3.97706
3.97979
3.98257
3.98536
3.98815
3.99094
3.99373
3.99652
3.99931
4.0021
4.00489
4.00768
4.01046
4.01304
4.0152
4.01701
4.01859
4.02009
4.02164
4.02326
4.02486
4.02638
4.02798
4.02992
4.03227
4.03477
4.03708
4.0389
4.04012
4.04083
4.04122
4.04144
4.04157
4.04158
4.04147
4.04132
4.04124
4.04126
4.04134
4.04144
4.04151
4.04152
4.04148
4.04146
4.0415
4.04168
4.04208
4.04272
4.0436
4.04461
4.04562
4.04655
4.0474
4.04818
4.04886
4.04936
4.04973
4.05
4.05019
4.05028
4.05022
4.05004
4.04983
4.04962
4.04941
4.04919
4.04898
4.04877
4.04856
4.04835
4.04814
4.04793
4.04772
4.0475
4.04729
4.04708
4.04687
4.04666
4.04651
4.04648
4.04659
4.04696
4.04774
4.04895
4.05047
4.05208
4.05354
4.0547
4.05549
4.05596
4.05626
4.05662
4.05743
4.05904
4.06148
4.06427
4.06706
4.06985
4.07264
4.07542
4.07821
4.081
4.08379
4.08658
4.08937
4.09216
4.09495
4.09774
4.10053
4.10331
4.1061
4.10889
4.11168
4.11447
4.11726
4.12005
4.12284
4.12563
4.12842
4.1312
4.13399
4.13678
4.13957
4.14236
4.14515
4.14775
4.15
4.15196
4.15379
4.15566
4.15779
4.16034
4.16313
4.16592
4.16871
4.17149
4.17428
4.17707
4.17986
4.18265
4.18544
4.18823
4.19102
4.19381
4.1966
4.19938
4.20217
4.20496
4.20775
4.21054
4.21333
4.21612
4.21891
4.2217
4.22449
4.22727
4.23006
4.23285
4.23564
4.23843
4.24122
4.24401
4.2468
4.24959
4.25238
4.25517
4.25795
4.26074
4.26353
4.26632
4.26902
4.27152
4.27374
4.27572
4.27754
4.27928
4.28101
4.28277
4.28452
4.28615
4.2875
4.28845
4.28903
4.28945
4.29002
4.29103
4.2926
4.29468
4.29714
4.29985
4.30264
4.30543
4.30821
4.311
4.31379
4.31658
4.31937
4.32216
4.32495
4.32774
4.33053
4.33332
4.3361
4.33889
4.34168
4.34447
4.34726
4.35005
4.35284
4.35563
4.35842
4.36121
4.36399
4.36678
4.36957
4.37236
4.37515
4.37794
4.38073
4.38352
4.38631
4.3891
4.39188
4.39467
4.39746
4.40025
4.40304
4.40583
4.40862
4.41141
4.4142
4.41699
4.41978
4.42256
4.42535
4.42814
4.43093
4.43372
4.43627
4.43823
4.43952
4.44034
4.44091
4.44141
4.44196
4.44264
4.44341
4.44413
4.44462
4.44476
4.44462
4.44441
4.4442
4.444
4.4438
4.44359
4.44338
4.44317
4.44296
4.44275
4.44254
4.44233
4.44211
4.4419
4.44173
4.44188
4.44257
4.44388
4.44573
4.44802
4.45068
4.45347
4.45626
4.45905
4.46183
4.4646
4.46726
4.46979
4.47228
4.47481
4.47742
4.48008
4.48276
4.4854
4.48786
4.49003
4.49185
4.49338
4.49473
4.496
4.49725
4.49848
4.4997
4.50097
4.50242
4.50409
4.50597
4.50804
4.51029
4.51274
4.51535
4.51803
4.52071
4.52334
4.5259
4.52834
4.53067
4.53292
4.53513
4.53726
4.53931
4.54127
4.54312
4.54487
4.54653
4.54814
4.54972
4.55128
4.55284
4.55443
4.55602
4.5576
4.5592
4.56087
4.56266
4.56459
4.56662
4.5687
4.57076
4.5728
4.57484
4.57692
4.579
4.58108
4.58317
4.58536
4.58767
4.59007
4.59249
4.59488
4.59725
4.59965
4.6021
4.60461
4.60714
4.6097
4.61229
4.61488
4.61742
4.61989
4.62231
4.62465
4.62696
4.62929
4.63169
4.63413
4.63666
4.63931
4.64203
4.64473
4.64745
4.65023
4.65302
4.65574
4.65841
4.6611
4.66374
4.66625
4.66862
4.67091
4.67309
4.67517
4.67723
4.67939
4.68168
4.68414
4.68678
4.68954
4.69233
4.69507
4.69763
4.69992
4.70195
4.70377
4.70544
4.70702
4.70863
4.71042
4.71242
4.71456
4.71674
4.719
4.72144
4.72409
4.72686
4.72965
4.73244
4.73523
4.73802
4.74081
4.7436
4.74639
4.74918
4.75196
4.75473
4.75729
4.75955
4.76172
4.76394
4.76626
4.76864
4.77092
4.77278
4.77387
4.77423
4.77422
4.77426
4.77464
4.77541
4.77664
4.77848
4.78097
4.78376
4.78655
4.78934
4.79207
4.79442
4.79609
4.79692
4.797
4.79679
4.79658
4.79637
4.79615
4.79594
4.79573
4.79552
4.79531
4.7951
4.79489
4.79468
4.79446
4.79425
4.79404
4.79383
4.79382
4.79415
4.79467
4.79528
4.79596
4.79671
4.79755
4.79846
4.79938
4.8002
4.80083
4.80122
4.80131
4.80118
4.80097
4.80076
4.80055
4.80033
4.80012
4.79991
4.7997
4.79949
4.79928
4.7991
4.79918
4.79962
4.80029
4.80105
4.80183
4.8026
4.8033
4.8039
4.80442
4.80487
4.80518
4.80526
4.80511
4.8049
4.80469
4.80448
4.80427
4.80405
4.80384
4.80363
4.80342
4.80321
4.803
4.80279
4.80258
4.80236
4.80215
4.80194
4.80173
4.80152
4.80131
4.8011
4.80089
4.80067
4.80046
4.80025
4.80004
4.79983
4.79962
4.79941
4.7992
4.79898
4.79877
4.79856
4.79835
4.79814
4.79793
4.79772
4.79751
4.79729
4.79708
4.79687
4.79666
4.79645
4.79624
4.79603
4.79582
4.7956
4.79539
4.79518
4.79497
4.79476
4.79485
4.79536
4.79609
4.79712
4.79861
4.80048
4.80244
4.80434
4.80614
4.80774
4.80911
4.81024
4.81124
4.81225
4.81339
4.81477
4.8163
4.81776
4.81899
4.81999
4.82082
4.82152
4.82222
4.82311
4.82411
4.82503
4.82588
4.82692
4.82825
4.82974
4.83133
4.8329
4.83438
4.83577
4.83709
4.83822
4.83893
4.83921
4.83924
4.83914
4.83896
4.83875
4.83853
4.83832
4.83811
4.8379
4.83769
4.83748
4.83727
4.83706
4.83684
4.83663
4.83642
4.83631
4.83649
4.83699
4.83774
4.83873
4.83999
4.84152
4.84321
4.84496
4.84667
4.8483
4.84985
4.85131
4.85271
4.85402
4.85529
4.85655
4.8578
4.8591
4.86053
4.86216
4.86399
4.86594
4.86797
4.87008
4.87232
4.87471
4.87721
4.87971
4.88207
4.88424
4.88631
4.88843
4.89071
4.89314
4.89561
4.89813
4.90081
4.9036
4.90639
4.90918
4.91189
4.91448
4.91705
4.91963
4.92207
4.92415
4.92583
4.92726
4.92867
4.9302
4.93198
4.93411
4.93667
4.93946
4.94225
4.94504
4.94782
4.95061
4.9534
4.95619
4.95898
4.96177
4.96456
4.96735
4.97014
4.97293
4.97571
4.9784
4.98083
4.98305
4.98518
4.98729
4.98945
4.9917
4.99409
4.99664
4.99937
5.00215
5.00494
5.00773
5.01052
5.01331
5.0161
5.01889
5.02168
5.02447
5.02726
5.03004
5.03283
5.03562
5.03841
5.0412
5.04399
5.04678
5.04957
5.05236
5.05515
5.05789
5.06049
5.06289
5.06502
5.06682
5.0683
5.0695
5.07042
5.07111
5.07167
5.07218
5.07273
5.07335
5.07411
5.07503
5.07609
5.07725
5.07848
5.07969
5.0808
5.08168
5.08228
5.08266
5.08297
5.08332
5.08375
5.08422
5.08473
5.08527
5.0858
5.08635
5.08696
5.08772
5.08872
5.08996
5.09143
5.09301
5.0946
5.09611
5.0975
5.09875
5.09988
5.10105
5.10239
5.10399
5.10582
5.10774
5.11008
5.11287
5.11566
5.11845
5.12124
5.12403
5.12682
5.12961
5.1324
5.13518
5.13797
5.14076
5.14355
5.14634
5.14913
5.15192
5.15471
5.1575
5.16029
5.16307
5.16586
5.16858
5.17072
5.17197
5.17261
5.17285
5.17276
5.17255
5.17234
5.17213
5.17192
5.17171
5.17149
5.17128
5.17107
5.17086
5.17065
5.17044
5.17023
5.17002
5.1698
5.16981
5.17023
5.17088
5.17141
5.1716
5.1715
5.17128
5.17107
5.17086
5.17065
5.17044
5.17023
5.17002
5.16981
5.16959
5.16938
5.16917
5.16901
5.16885
5.16884
5.16929
5.17036
5.17196
5.17382
5.1756
5.17698
5.17756
5.17749
5.17728
5.17707
5.17685
5.17664
5.17643
5.17622
5.17601
5.1758
5.17559
5.17538
5.17516
5.17495
5.17474
5.17453
5.17469
5.17562
5.17729
5.17953
5.18218
5.18497
5.18776
5.19055
5.19334
5.19612
5.19866
5.2007
5.20245
5.20429
5.20641
5.20864
5.21078
5.21274
5.21456
5.21622
5.21771
5.219
5.22011
5.22115
5.2223
5.22373
5.22558
5.22798
5.23073
5.23351
5.2363
5.23909
5.24188
5.24467
5.24746
5.25025
5.25304
5.25583
5.25862
5.2614
5.26419
5.26673
5.26892
5.27096
5.27292
5.27477
5.27638
5.27775
5.27899
5.28019
5.28136
5.28246
5.2835
5.28449
5.28537
5.28606
5.28656
5.28692
5.28719
5.28736
5.28741
5.28733
5.28717
5.28701
5.28702
5.28731
5.28785
5.28853
5.28933
5.29032
5.29162
5.29332
5.29544
5.29793
5.30064
5.30343
5.30622
5.30901
5.3118
5.31459
5.31732
5.31994
5.32245
5.32488
5.32714
5.32913
5.3308
5.33228
5.33379
5.33539
5.33697
5.33838
5.3395
5.34024
5.34061
5.34071
5.34063
5.34045
5.34024
5.34003
5.33982
5.33961
5.33939
5.33918
5.33897
5.33882
5.33875
5.33864
5.33845
5.33823
5.33802
5.33781
5.3376
5.33739
5.33718
5.33697
5.33676
5.33654
5.33633
5.33612
5.33591
5.3357
5.33549
5.33543
5.33644
5.33879
5.34158
5.34437
5.34716
5.34994
5.35215
5.35332
5.35422
5.35556
5.35741
5.3597
5.36234
5.36513
5.36792
5.37071
5.3735
5.37629
5.37907
5.3818
5.38431
5.38654
5.38854
5.39034
5.39204
5.39374
5.39552
5.39741
5.39939
5.40147
5.40368
5.40601
5.40844
5.41088
5.41324
5.41545
5.41749
5.41937
5.42104
5.42248
5.42376
5.42493
5.42598
5.42673
5.42701
5.42691
5.4267
5.42649
5.42628
5.42607
5.42586
5.42564
5.42543
5.42522
5.42513
5.42533
5.42588
5.42672
5.42782
5.42914
5.4306
5.43204
5.43328
5.43414
5.43466
5.43497
5.43527
5.43569
5.4363
5.43717
5.43837
5.43999
5.442
5.44436
5.44702
5.44981
5.4526
5.45539
5.45818
5.46097
5.46376
5.46655
5.46933
5.47212
5.47491
5.4777
5.48049
5.48328
5.48607
5.48886
5.49165
5.49444
5.49722
5.50001
5.50278
5.50538
5.50773
5.50993
5.51206
5.5141
5.51597
5.51761
5.51899
5.52013
5.52109
5.52194
5.52278
5.5236
5.52426
5.52473
5.52507
5.5254
5.52578
5.52634
5.52722
5.52855
5.53037
5.53263
5.53526
5.53804
5.54083
5.54362
5.54638
5.54896
5.55117
5.55297
5.55443
5.55561
5.55652
5.55712
5.55743
5.55749
5.55746
5.55746
5.55758
5.55783
5.55825
5.55893
5.55998
5.56143
5.5632
5.56522
5.56745
5.56982
5.57226
5.57476
5.57729
5.57983
5.58233
5.58477
5.58712
5.58932
5.59138
5.59333
5.59518
5.59693
5.59856
5.60004
5.60136
5.60254
5.60367
5.60475
5.6058
5.60681
5.60778
5.60868
5.60957
5.61059
5.61181
5.6132
5.61468
5.61621
5.6178
5.61942
5.621
5.6225
5.62387
5.62514
5.6264
5.62769
5.62901
5.63029
5.63152
5.63274
5.63403
5.63538
5.6368
5.63829
5.63983
5.6414
5.64294
5.64446
5.64598
5.6475
5.64905
5.65063
5.65225
5.65385
5.65543
5.657
5.65861
5.66031
5.66211
5.66401
5.66595
5.66788
5.66973
5.67149
5.67315
5.67474
5.67627
5.67776
5.67921
5.68063
5.68207
5.68358
5.68521
5.68695
5.68874
5.6905
5.69216
5.69376
5.69537
5.697
5.69864
5.70025
5.70185
5.70348
5.70516
5.70694
5.70882
5.71081
5.71295
5.7153
5.71791
5.72068
5.72347
5.72626
5.72905
5.73183
5.73462
5.73741
5.7402
5.74299
5.74578
5.74857
5.75136
5.75415
5.75686
5.75929
5.76137
5.76332
5.76532
5.76747
5.76975
5.77211
5.77443
5.77656
5.77845
5.78021
5.78215
5.78454
5.78726
5.79005
5.79284
5.79563
5.79842
5.801
5.80307
5.80451
5.80534
5.80553
5.80537
5.80515
5.80494
5.80473
5.80452
5.80431
5.8043
5.80477
5.80566
5.8068
5.80802
5.80922
5.81037
5.81145
5.81241
5.81327
5.81415
5.81513
5.81627
5.81758
5.81906
5.82073
5.82251
5.8242
5.82573
5.82716
5.8287
5.83046
5.8323
5.83394
5.83516
5.8359
5.8362
5.83627
5.83715
5.8394
5.84219
5.84498
5.84777
5.85007
5.85087
5.85066
5.85045
5.85024
5.85003
5.84982
5.84961
5.8494
5.84918
5.84897
5.84876
5.84855
5.84877
5.85029
5.8528
5.85529
5.85751
5.85959
5.86112
5.86152
5.86131
5.8611
5.86089
5.86068
5.86047
5.86025
5.86004
5.85983
5.85962
5.85986
5.8616
5.86439
5.86718
5.86996
5.87275
5.87554
5.87833
5.88112
5.88391
5.8867
5.88949
5.89228
5.89507
5.89649
5.89642
5.89771
5.9005
5.90329
5.90608
5.90887
5.91166
5.91445
5.91723
5.92002
5.92281
5.9256
5.92839
5.93118
5.93397
5.93676
5.93955
5.94234
5.94512
5.94762
5.94948
5.95104
5.95285
5.9551
5.95773
5.96052
5.96331
5.9661
5.96888
5.97167
5.97446
5.97725
5.98004
5.98283
5.98412
5.98391
5.9837
5.98349
5.98327
5.98344
5.98458
5.98673
5.98942
5.99221
5.995
5.99778
6.00057
6.00336
6.00615
6.00894
6.01173
6.01452
6.01731
6.0201
6.02289
6.02567
6.02846
6.03125
6.03404
6.03683
6.03962
6.04241
6.0452
6.04654
6.04639
6.04618
6.04596
6.04575
6.04554
6.04533
6.04512
6.04491
6.0447
6.04449
6.04427
6.04406
6.04385
6.04364
6.04343
6.04322
6.04301
6.0428
6.04258
6.04237
6.04216
6.04195
6.04214
6.04331
6.04559
6.04838
6.05116
6.05395
6.05649
6.05835
6.05933
6.05961
6.05953
6.05951
6.05998
6.06128
6.06357
6.06635
6.06914
6.07193
6.07472
6.0775
6.08029
6.08308
6.08587
6.08866
6.09145
6.09424
6.09703
6.09982
6.10261
6.10539
6.10818
6.11097
6.11376
6.11655
6.11934
6.12213
6.12492
6.12771
6.1305
6.13328
6.13607
6.13886
6.14165
6.14444
6.14723
6.15002
6.15281
6.1556
6.15839
6.16117
6.16396
6.16675
6.16954
6.17233
6.17512
6.17791
6.1807
6.18349
6.18628
6.18906
6.19185
6.19464
6.19743
6.20022
6.20301
6.2058
6.20859
6.21138
6.21417
6.21696
6.21974
6.22253
6.22532
6.22811
6.23079
6.23301
6.23459
6.23565
6.23642
6.23692
6.23704
6.23687
6.23666
6.23645
6.23624
6.23603
6.23581
6.2356
6.23539
6.23518
6.23497
6.23476
6.23455
6.23434
6.23412
6.23391
6.2337
6.23349
6.23328
6.23307
6.23286
6.23265
6.23243
6.23222
6.23201
6.2318
6.23159
6.23138
6.23117
6.23096
6.23074
6.23053
6.23032
6.23011
6.2299
6.22969
6.22948
6.22927
6.22905
6.22884
6.22863
6.22842
6.22821
6.228
6.22779
6.22758
6.22736
6.22715
6.22694
6.22673
6.22745
6.2294
6.23131
6.23235
6.23336
6.23497
6.23582
6.23572
6.23551
6.2353
6.23533
6.23588
6.23676
6.23746
6.23765
6.23755
6.23786
6.23938
6.2419
6.24469
6.24748
6.25027
6.25306
6.25585
6.25864
6.26087
6.26161
6.2614
6.26119
6.26098
6.26076
6.26055
6.26034
6.26013
6.25992
6.25971
6.2595
6.25929
6.25907
6.25886
6.25865
6.25844
6.25823
6.25802
6.25781
6.2576
6.25738
6.25717
6.25696
6.25675
6.25654
6.25633
6.25612
6.25591
6.25569
6.25554
6.25577
6.25645
6.25726
6.25809
6.25906
6.26024
6.26153
6.26276
6.26383
6.26466
6.26518
6.26543
6.26557
6.26581
6.26628
6.26702
6.268
6.26912
6.27034
6.27165
6.27306
6.27457
6.27614
6.2778
6.27957
6.28136
6.28293
6.28407
6.2847
6.28488
6.28476
6.28455
6.28434
6.28412
6.28477
6.28661
6.2882
6.28859
6.28838
6.28817
6.28796
6.28823
6.28957
6.29121
6.29206
6.29213
6.29192
6.29171
6.2915
6.29128
6.2912
6.29136
6.29178
6.29246
6.29327
6.29394
6.29442
6.29486
6.2954
6.29594
6.29627
6.29631
6.29614
6.29593
6.29572
6.29551
6.2953
6.29509
6.29488
6.29467
6.29445
6.29434
6.29475
6.2958
6.29718
6.29866
6.30015
6.30152
6.30251
6.30295
6.30294
6.30273
6.30252
6.30231
6.3021
6.30189
6.30168
6.30147
6.30126
6.30113
6.30121
6.30153
6.30205
6.30277
6.30377
6.30515
6.30701
6.30934
6.31199
6.31478
6.31757
6.32036
6.32315
6.32594
6.32872
6.33151
6.3343
6.33709
6.33988
6.34267
6.34546
6.34825
6.35104
6.35383
6.35662
6.3594
6.36219
6.36498
6.36771
6.37023
6.37246
6.3744
6.37598
6.37722
6.37824
6.37915
6.38003
6.38093
6.38186
6.38279
6.38365
6.38437
6.38497
6.3855
6.38604
6.38652
6.38682
6.38694
6.38723
6.38768
6.38781
6.38764
6.38743
6.38722
6.38704
6.38712
6.38757
6.38836
6.3894
6.39063
6.39202
6.3935
6.39501
6.39649
6.39789
6.39917
6.40031
6.40133
6.40233
6.40345
6.40474
6.40623
6.40787
6.40965
6.41158
6.41372
6.41617
6.41889
6.42167
6.42446
6.42725
6.43004
6.43283
6.43562
6.43841
6.4412
6.44389
6.44643
6.44884
6.45107
6.45313
6.45515
6.45724
6.45938
6.46157
6.4638
6.46605
6.4682
6.47009
6.47155
6.47256
6.47328
6.47398
6.47486
6.47595
6.47721
6.4786
6.48017
6.48194
6.48397
6.48631
6.48896
6.49175
6.49454
6.49733
6.50012
6.5029
6.50569
6.50848
6.51127
6.51406
6.51685
6.51964
6.52243
6.52522
6.52796
6.53062
6.53323
6.53587
6.53859
6.54137
6.54416
6.54695
6.54974
6.55253
6.55532
6.55811
6.5609
6.56369
6.56648
6.56926
6.57205
6.57484
6.57763
6.58042
6.58321
6.586
6.58879
6.59158
6.59437
6.59716
6.59994
6.60273
6.60552
6.60831
6.6111
6.61389
6.61668
6.61947
6.62226
6.62505
6.62783
6.63062
6.63341
6.6362
6.63899
6.64178
6.64457
6.64736
6.65001
6.65233
6.65427
6.65611
6.65799
6.65971
6.66123
6.66275
6.66438
6.66612
6.66788
6.66975
6.67185
6.67409
6.67639
6.67873
6.68111
6.68347
6.68581
6.68819
6.6907
6.69331
6.69588
6.69847
6.7012
6.70399
6.70674
6.70936
6.71202
6.7148
6.71759
6.72038
6.72316
6.72595
6.72874
6.73153
6.73425
6.73682
6.73928
6.74152
6.74342
6.74501
6.74641
6.74766
6.74866
6.74936
6.74977
6.74994
6.74998
6.75002
6.7501
6.75014
6.75016
6.75023
6.75035
6.75047
6.75058
6.75079
6.75113
6.75141
6.75143
6.75126
6.75105
6.75083
6.75062
6.75041
6.7502
6.74999
6.74978
6.74957
6.74936
6.74914
6.74893
6.74872
6.74851
6.7483
6.74809
6.74788
6.74767
6.74745
6.74724
6.74725
6.7478
6.74887
6.75037
6.75223
6.75437
6.75678
6.75943
6.7622
6.76499
6.76778
6.77057
6.77336
6.7761
6.77855
6.78052
6.78214
6.78363
6.78515
6.78676
6.78843
6.79015
6.79178
6.79322
6.79436
6.79515
6.79556
6.7956
6.79543
6.79522
6.79501
6.79485
6.79486
6.79493
6.79501
6.79531
6.79608
6.7971
6.79783
6.79831
6.79909
6.80048
6.80224
6.80411
6.80627
6.80886
6.81165
6.81444
6.81722
6.82001
6.8228
6.82559
6.82838
6.83117
6.83396
6.83669
6.83908
6.84088
6.84208
6.84274
6.8429
6.84276
6.84255
6.84234
6.84213
6.84192
6.8417
6.84149
6.84128
6.84107
6.84086
6.84065
6.84044
6.84023
6.84001
6.8398
6.83959
6.83944
6.83937
6.83937
6.8394
6.83945
6.83957
6.83974
6.83991
6.84008
6.84021
6.84028
6.84028
6.84017
6.83997
6.83976
6.83955
6.83934
6.83913
6.83891
6.8387
6.83849
6.83828
6.83807
6.83786
6.83765
6.83744
6.83722
6.83701
6.8368
6.83659
6.83638
6.83617
6.83596
6.83575
6.83554
6.83532
6.83517
6.8352
6.83547
6.83597
6.83666
6.83758
6.83867
6.83987
6.84123
6.84281
6.84459
6.84638
6.84809
6.84974
6.85142
6.85319
6.855
6.85676
6.85846
6.86016
6.86185
6.86355
6.86527
6.86705
6.86886
6.87066
6.87245
6.87422
6.87598
6.87771
6.8794
6.88099
6.88241
6.88363
6.88469
6.8857
6.88676
6.88789
6.88908
6.89029
6.89154
6.89288
6.89438
6.89607
6.89799
6.90009
6.90231
6.90455
6.90671
6.90876
6.9107
6.91262
6.91467
6.91708
6.91982
6.9226
6.92539
6.92814
6.93088
6.93366
6.93645
6.93924
6.94203
6.94481
6.9476
6.95039
6.95318
6.95597
6.95876
6.96155
6.96434
6.96713
6.96992
6.9727
6.97537
6.97786
6.98032
6.98283
6.98536
6.98779
6.99005
6.9922
6.99435
6.99653
6.99863
7.00062
7.0025
7.0043
7.00584
7.00697
7.00763
7.00787
7.00782
7.00763
7.00742
7.00721
7.007
7.00679
7.00658
7.00636
7.00615
7.00594
7.00573
7.00552
7.00531
7.0051
7.00611
7.00861
7.0114
7.01419
7.01698
7.01977
7.02256
7.02476
7.02546
7.02525
7.02504
7.02483
7.02461
7.0244
7.02419
7.02398
7.02377
7.02356
7.02335
7.02339
7.02411
7.02558
7.02778
7.03045
7.03324
7.03603
7.03882
7.04161
7.0444
7.04719
7.04998
7.05277
7.05555
7.05834
7.06113
7.06392
7.06671
7.0695
7.07229
7.07508
7.07759
7.07956
7.08099
7.08212
7.08318
7.08407
7.08474
7.08524
7.0856
7.0858
7.08582
7.08569
7.08549
7.08528
7.08506
7.08485
7.08464
7.08443
7.08422
7.08402
7.08388
7.08392
7.08426
7.0849
7.08578
7.08688
7.0882
7.0898
7.09166
7.09371
7.09583
7.09794
7.09999
7.10198
7.10391
7.1058
7.1077
7.10965
7.11157
7.11343
7.11528
7.11716
7.11914
7.12121
7.12338
7.12566
7.12808
7.13065
7.13334
7.13607
7.13879
7.14154
7.14433
7.14712
7.14991
7.15269
7.15548
7.15827
7.16106
7.16385
7.16664
7.16943
7.17222
7.17501
7.17779
7.18051
7.18311
7.18563
7.18814
7.19059
7.19294
7.19514
7.19724
7.1993
7.20136
7.20341
7.20542
7.20741
7.20933
7.21122
7.2131
7.21502
7.21701
7.21904
7.22114
7.22333
7.22564
7.22804
7.23049
7.23297
7.2355
7.23811
7.24083
7.24362
7.24641
7.2492
7.25199
7.25478
7.25757
7.26036
7.26315
7.26593
7.26872
7.27151
7.2743
7.27709
7.27988
7.28267
7.28546
7.28825
7.29104
7.29382
7.29661
7.2994
7.30219
7.30498
7.30777
7.31056
7.31335
7.31614
7.31882
7.32118
7.32312
7.32467
7.32593
7.32696
7.32779
7.32846
7.32895
7.32927
7.32943
7.3295
7.32955
7.3296
7.32962
7.32959
7.32951
7.32943
7.3294
7.32946
7.32966
7.33002
7.33051
7.33112
7.3318
7.33258
7.33345
7.33441
7.33543
7.33648
7.33754
7.33858
7.33958
7.34057
7.34159
7.34266
7.34377
7.3449
7.34601
7.34707
7.34806
7.349
7.34991
7.35075
7.35148
7.35208
7.35259
7.35308
7.35359
7.35413
7.35467
7.35519
7.35571
7.35627
7.35689
7.35758
7.3583
7.35903
7.35974
7.36042
7.36111
7.36181
7.36253
7.36326
7.36394
7.36457
7.36518
7.36581
7.36648
7.3672
7.368
7.36886
7.36977
7.37077
7.37188
7.37312
7.37448
7.37594
7.37751
7.37916
7.38083
7.38252
7.3842
7.38588
7.3876
7.38939
7.39125
7.39316
7.39515
7.39724
7.39943
7.40169
7.404
7.40635
7.40876
7.41122
7.41368
7.41614
7.41856
7.42093
7.42325
7.42555
7.42781
7.43003
7.43219
7.43426
7.43622
7.43807
7.43985
7.44158
7.44327
7.44489
7.44643
7.44788
7.4493
7.45071
7.45215
7.45359
7.45501
7.4564
7.4578
7.4592
7.46057
7.4619
7.46323
7.4646
7.46602
7.46749
7.46898
7.47046
7.4719
7.47331
7.47462
7.47581
7.47692
7.478
7.47908
7.48017
7.48133
7.48258
7.48396
7.48546
7.48708
7.48879
7.4906
7.49249
7.49436
7.49614
7.49779
7.49932
7.50075
7.50209
7.5033
7.50436
7.50532
7.50623
7.50713
7.50807
7.50901
7.50987
7.51061
7.51129
7.51194
7.51252
7.51302
7.51344
7.51383
7.51415
7.51441
7.51464
7.51493
7.5153
7.5157
7.51603
7.51633
7.51664
7.51701
7.51742
7.51792
7.51853
7.5192
7.51989
7.52061
7.52137
7.52214
7.52293
7.52375
7.52462
7.52556
7.52655
7.5276
7.5287
7.52985
7.5311
7.53245
7.53389
7.53535
7.53681
7.5383
7.53983
7.54139
7.54291
7.54436
7.54574
7.54708
7.5484
7.5497
7.55101
7.55234
7.55371
7.55511
7.55659
7.55811
7.55962
7.56111
7.56257
7.56402
7.56548
7.56697
7.56846
7.56995
7.57148
7.57308
7.57469
7.57623
7.57767
7.57906
7.58042
7.58174
7.58301
7.58429
7.58563
7.58701
7.58838
7.58968
7.59092
7.59216
7.5934
7.59462
7.59585
7.59714
7.59849
7.59988
7.60128
7.60269
7.60415
7.60568
7.60729
7.60895
7.61063
7.61225
7.6138
7.61527
7.61674
7.61823
7.61973
7.6212
7.62265
7.62412
7.62562
7.62731
7.62937
7.6317
7.63401
7.63604
7.63785
7.63953
7.6411
7.64257
7.64398
7.64531
7.64652
7.64762
7.64867
7.64972
7.65075
7.65176
7.65275
7.65376
7.65481
7.65588
7.65697
7.65803
7.65905
7.66003
7.66104
7.66209
7.66318
7.66424
7.66525
7.66626
7.66732
7.66845
7.66964
7.67091
7.67225
7.67364
7.67507
7.67654
7.67802
7.67945
7.68083
7.68216
7.68347
7.68476
7.686
7.68717
7.68828
7.68933
7.69033
7.69132
7.69232
7.69331
7.69432
7.69534
7.69634
7.69731
7.69823
7.69914
7.70008
7.70111
7.70225
7.70348
7.70495
7.70667
7.70843
7.71
7.71137
7.71273
7.71409
7.71537
7.71658
7.71781
7.71901
7.72017
7.72128
7.72237
7.72346
7.72456
7.72566
7.72674
7.72778
7.72881
7.72984
7.73087
7.73187
7.73281
7.73368
7.73453
7.73535
7.73613
7.73686
7.73758
7.73832
7.73912
7.73994
7.74074
7.74151
7.74226
7.74302
7.74382
7.74465
7.74549
7.74634
7.74722
7.74817
7.74916
7.75017
7.75114
7.7521
7.75306
7.75407
7.75513
7.75621
7.7573
7.75841
7.7595
7.76054
7.76148
7.76232
7.76308
7.76375
7.76436
7.76489
7.76529
7.76551
7.76552
7.76537
7.76517
7.76496
7.76475
7.76454
7.76433
7.76415
7.76412
7.76436
7.76485
7.76553
7.76632
7.76723
7.76825
7.76938
7.77058
7.77183
7.77308
7.77429
7.7755
7.77677
7.77808
7.77933
7.78048
7.78155
7.78261
7.78369
7.78475
7.78574
7.78665
7.78752
7.78837
7.78923
7.79015
7.79118
7.79232
7.79351
7.79469
7.79583
7.79692
7.79799
7.79905
7.80011
7.8012
7.80232
7.8035
7.80471
7.80594
7.80715
7.80833
7.8095
7.81066
7.81183
7.81301
7.8142
7.81539
7.81655
7.81778
7.81914
7.82055
7.82188
7.82305
7.82414
7.82523
7.82637
7.82759
7.82893
7.83034
7.83176
7.8331
7.83432
7.83544
7.83648
7.83747
7.83844
7.83938
7.84031
7.84125
7.84223
7.84326
7.84438
7.8456
7.84696
7.84845
7.85004
7.85171
7.85341
7.8551
7.85676
7.85835
7.85988
7.86132
7.86266
7.86388
7.86499
7.86601
7.86699
7.86793
7.86887
7.86987
7.87098
7.87218
7.87343
7.87469
7.87595
7.87724
7.87859
7.88001
7.88143
7.88277
7.88395
7.88502
7.8861
7.88728
7.88854
7.88985
7.89116
7.89243
7.89365
7.8948
7.89592
7.89703
7.89819
7.89943
7.90077
7.90214
7.90345
7.90468
7.90586
7.90709
7.90841
7.90973
7.91088
7.91174
7.91237
7.91289
7.91342
7.91406
7.91482
7.91567
7.91651
7.91726
7.91792
7.91849
7.91896
7.91937
7.91975
7.92013
7.92049
7.92071
7.92075
7.92063
7.92045
7.92032
7.92031
7.92047
7.92079
7.92121
7.92168
7.92215
7.92262
7.92307
7.92348
7.92383
7.92413
7.92442
7.92473
7.92509
7.92555
7.92611
7.92672
7.92739
7.92812
7.92899
7.93
7.93115
7.93236
7.93357
7.9347
7.93572
7.93664
7.93751
7.93836
7.93915
7.93989
7.94057
7.94124
7.94194
7.94268
7.94342
7.94415
7.94487
7.94561
7.9464
7.94725
7.94815
7.94908
7.95
7.95089
7.95174
7.95256
7.95336
7.95413
7.95486
7.95557
7.95629
7.95707
7.95793
7.95888
7.95993
7.96107
7.96229
7.96361
7.96509
7.9667
7.96835
7.96993
7.97142
7.9728
7.9741
7.97533
7.9765
7.9776
7.97859
7.97945
7.98021
7.98091
7.98161
7.98232
7.98307
7.98389
7.98475
7.98565
7.98658
7.98754
7.98851
7.9895
7.9905
7.99152
7.99256
7.99366
7.99481
7.99598
7.99711
7.99821
7.9993
8.00041
8.00155
8.00267
8.00372
8.00473
8.0057
8.00667
8.00762
8.00855
8.00946
8.01036
8.01123
8.01207
8.01292
8.01383
8.01484
8.01595
8.01714
8.01845
8.01989
8.02149
8.02323
8.02512
8.02723
8.02958
8.03211
8.03468
8.03722
8.03973
8.04221
8.04474
8.04739
8.05013
8.05289
8.05554
8.05802
8.06027
8.06225
8.06401
8.06563
8.06713
8.06849
8.0697
8.07078
8.07182
8.07286
8.07392
8.07499
8.07606
8.07716
8.0783
8.07951
8.08083
8.08226
8.0838
8.08543
8.08714
8.08891
8.0907
8.09247
8.0942
8.0959
8.09755
8.09917
8.10075
8.10228
8.10375
8.10518
8.10658
8.108
8.10948
8.11107
8.11274
8.11456
8.11657
8.11869
8.12077
8.12268
8.1245
8.12636
8.12838
8.13062
8.13314
8.13588
8.13867
8.14145
8.14424
8.14703
8.14982
8.15261
8.1554
8.15669
8.15648
8.15626
8.15605
8.15584
8.15563
8.15542
8.15521
8.155
8.15479
8.15458
8.15437
8.15416
8.15395
8.15374
8.15352
8.15331
8.1531
8.15289
8.15268
8.15273
8.15375
8.156
8.15879
8.16158
8.16437
8.16716
8.16994
8.17273
8.17552
8.17831
8.1811
8.18389
8.18668
8.18946
8.19201
8.1941
8.19582
8.19733
8.19863
8.19963
8.20028
8.20064
8.20091
8.20125
8.20185
8.20274
8.2039
8.20535
8.2072
8.20962
8.21238
8.21517
8.21796
8.22075
8.22354
8.22633
8.22912
8.2319
8.23469
8.23748
8.24027
8.24306
8.24585
8.24864
8.25142
8.25418
8.25683
8.25934
8.26176
8.26408
8.26619
8.268
8.26945
8.27054
8.27134
8.27195
8.27252
8.27311
8.2738
8.27461
8.27556
8.27667
8.27795
8.27937
8.28088
8.28245
8.28411
8.28587
8.2877
8.2896
8.29155
8.29355
8.29558
8.29764
8.29975
8.3019
8.3041
8.30636
8.30867
8.311
8.31334
8.3157
8.31804
8.3204
8.32277
8.32509
8.32723
8.32911
8.33072
8.33209
8.33324
8.33427
8.33524
8.33619
8.33714
8.33814
8.33922
8.3404
8.34167
8.34303
8.34447
8.34606
8.34789
8.34999
8.35236
8.35494
8.35767
8.36046
8.36325
8.36603
8.36882
8.37161
8.3744
8.37719
8.37998
8.38277
8.38555
8.38834
8.39113
8.39392
8.39671
8.3995
8.40229
8.40507
8.40786
8.41065
8.41344
8.41623
8.41902
8.42181
8.42452
8.42691
8.42884
8.43034
8.43148
8.43233
8.43293
8.43332
8.43356
8.4337
8.43379
8.43387
8.43397
8.43411
8.4343
8.43447
8.43462
8.43472
8.43482
8.435
8.43526
8.43558
8.43591
8.43626
8.43664
8.43711
8.43772
8.43848
8.4393
8.44015
8.44103
8.44201
8.44311
8.44429
8.44551
8.44669
8.44781
8.44886
8.44982
8.45065
8.45138
8.45201
8.45256
8.45294
8.45308
8.45299
8.45278
8.45257
8.45236
8.45215
8.45194
8.45173
8.45152
8.45131
8.4511
8.45089
8.45073
8.45063
8.45061
8.45072
8.45094
8.45122
8.45149
8.45171
8.4519
8.45212
8.45248
8.45301
8.45371
8.45453
8.45545
8.45649
8.45766
8.45899
8.46048
8.46218
8.46403
8.46602
8.46807
8.47017
8.4723
8.47444
8.47654
8.47861
8.48067
8.48273
8.48479
8.48682
8.48882
8.49082
8.49281
8.49481
8.49683
8.49891
8.50104
8.50319
8.50534
8.5075
8.50964
8.51174
8.51384
8.516
8.51826
8.5207
8.52328
8.52593
8.52855
8.53111
8.53361
8.53603
8.53833
8.54048
8.54251
8.54449
8.54643
8.54835
8.55025
8.55215
8.55404
8.55591
8.55781
8.55977
8.56183
8.56393
8.56597
8.5679
8.56971
8.57146
8.57316
8.57481
8.57638
8.57788
8.57933
8.58078
8.58222
8.58366
8.58506
8.58644
8.58783
8.58921
8.59054
8.59181
8.59304
8.59428
8.59556
8.59684
8.59809
8.59928
8.60048
8.60174
8.60307
8.60447
8.60599
8.60756
8.60908
8.61044
8.61167
8.61288
8.61409
8.6153
8.61649
8.6176
8.61862
8.61953
8.62036
8.62113
8.62184
8.62249
8.62312
8.62374
8.62437
8.62503
8.62572
8.62646
8.62724
8.62808
8.62889
8.62959
8.63023
8.63089
8.63164
8.63244
8.63327
8.63412
8.63498
8.63585
8.63677
8.63777
8.63885
8.64002
8.64123
8.64242
8.64353
8.64463
8.64584
8.6472
8.64865
8.65009
8.65149
8.6529
8.65436
8.65586
8.65735
8.65883
8.66026
8.66167
8.66308
8.66449
8.66588
8.66723
8.66858
8.66995
8.67136
8.6728
8.67424
8.67568
8.67708
8.67844
8.67977
8.68108
8.68235
8.68357
8.68469
8.68575
8.68676
8.68776
8.68876
8.68975
8.69075
8.69173
8.69267
8.69356
8.69444
8.69534
8.69628
8.69721
8.69813
8.69901
8.69983
8.70056
8.70118
8.70168
8.70213
8.70258
8.70309
8.70366
8.70428
8.70492
8.70555
8.70616
8.70681
8.70751
8.70827
8.70907
8.70996
8.71102
8.71222
8.71339
8.71442
8.7153
8.71614
8.71692
8.71763
8.71832
8.719
8.7197
8.7204
8.72112
8.72184
8.72257
8.72333
8.72411
8.7249
8.72568
8.72643
8.72716
8.7279
8.72866
8.72946
8.73029
8.73116
8.73207
8.73299
8.7339
8.73487
8.73594
8.73711
8.73833
8.73958
8.74083
8.7421
8.74338
8.74466
8.74593
8.74718
8.74841
8.74965
8.75093
8.75224
8.75357
8.75493
8.75631
8.7577
8.75905
8.76036
8.76167
8.763
8.76429
8.76544
8.76645
8.76741
8.76837
8.76932
8.77023
8.77109
8.77192
8.77275
8.77356
8.77438
8.77522
8.77609
8.77703
8.77801
8.77904
8.78007
8.78109
8.78208
8.78303
8.78395
8.78484
8.78569
8.78649
8.78727
8.78805
8.78882
8.78959
8.79038
8.79121
8.79204
8.79287
8.79371
8.79459
8.79554
8.79651
8.79746
8.7984
8.79938
8.80044
8.80152
8.8026
8.80362
8.80462
8.80559
8.80655
8.80748
8.80841
8.80933
8.81025
8.81118
8.81216
8.81316
8.81417
8.81515
8.81611
8.81707
8.81801
8.81893
8.81986
8.8208
8.82177
8.82277
8.8238
8.82481
8.82572
8.82652
8.82729
8.82817
8.8292
8.83028
8.83135
8.83236
8.83329
8.83418
8.83507
8.83598
8.83693
8.83792
8.83896
8.84001
8.84105
8.84209
8.84315
8.84424
8.84533
8.84642
8.84752
8.8486
8.84965
8.85065
8.85158
8.85248
8.85339
8.85432
8.85527
8.85622
8.85717
8.85813
8.85913
8.86018
8.86124
8.8623
8.86335
8.86442
8.86551
8.86662
8.86773
8.86882
8.86987
8.87087
8.87186
8.87287
8.8739
8.87494
8.87597
8.87697
8.87797
8.87901
8.88011
8.88126
8.88244
8.88366
8.88492
8.88624
8.88761
8.88908
8.89063
8.89224
8.89388
8.89555
8.89727
8.8991
8.90109
8.90322
8.90542
8.90766
8.90997
8.91236
8.9148
8.91719
8.9195
8.92174
8.92398
8.92625
8.92851
8.93068
8.93274
8.9347
8.93657
8.93832
8.93995
8.94149
8.94297
8.94443
8.94591
8.94742
8.94892
8.95039
8.95185
8.95328
8.9547
8.95616
8.95764
8.95908
8.96043
8.96171
8.96295
8.96419
8.96543
8.96667
8.96788
8.96907
8.97024
8.97142
8.97261
8.97381
8.97502
8.97623
8.97741
8.97852
8.97957
8.9806
8.98162
8.98257
8.98348
8.98438
8.98529
8.98622
8.98715
8.98809
8.98903
8.98996
8.99089
8.99181
8.9927
8.99358
8.99443
8.99526
8.99604
8.99676
8.99743
8.99807
8.99868
8.99934
9.00008
9.0009
9.00169
9.00243
9.00309
9.00369
9.00423
9.0047
9.00513
9.00551
9.00584
9.00615
9.00647
9.00682
9.00717
9.00754
9.00794
9.00841
9.00894
9.00949
9.01005
9.0106
9.01116
9.01174
9.01233
9.01293
9.0135
9.01404
9.01457
9.01509
9.01558
9.01607
9.01656
9.01705
9.01753
9.018
9.01848
9.01897
9.0195
9.02008
9.02076
9.02153
9.02237
9.02319
9.02395
9.02467
9.02538
9.02612
9.02686
9.02757
9.02823
9.02882
9.02937
9.02992
9.03053
9.03125
9.03209
9.03302
9.03405
9.03515
9.03629
9.03742
9.03855
9.03966
9.04073
9.04172
9.04264
9.04352
9.04438
9.04524
9.04611
9.04702
9.04794
9.04889
9.04989
9.05093
9.05199
9.05308
9.05419
9.05531
9.05644
9.05758
9.05877
9.06
9.06124
9.06246
9.06365
9.0648
9.06594
9.06707
9.06818
9.06923
9.07021
9.07111
9.07192
9.0727
9.07349
9.07433
9.07521
9.07611
9.07705
9.07802
9.07901
9.08
9.08097
9.08197
9.08301
9.08408
9.08515
9.0862
9.08724
9.08827
9.08927
9.09028
9.09132
9.09243
9.09362
9.09486
9.09616
9.09748
9.09875
9.09991
9.10096
9.10197
9.103
9.104
9.10495
9.10588
9.10679
9.10772
9.10869
9.10972
9.11072
9.1117
9.11272
9.1139
9.11523
9.11666
9.11811
9.11954
9.12098
9.12243
9.12388
9.12529
9.12663
9.1279
9.1291
9.13025
9.13135
9.13241
9.13345
9.13455
9.13572
9.13695
9.13825
9.13961
9.14104
9.14255
9.14414
9.14582
9.14758
9.14939
9.15119
9.15295
9.15463
9.15621
9.15771
9.15913
9.1605
9.16186
9.16322
9.16459
9.16593
9.16722
9.16849
9.16974
9.17099
9.17225
9.17354
9.17489
9.17632
9.1778
9.17928
9.18071
9.18207
9.18339
9.18469
9.18599
9.18726
9.18846
9.18959
9.19065
9.19166
9.19263
9.19358
9.19449
9.19532
9.19609
9.19682
9.19754
9.19822
9.19882
9.19929
9.19964
9.19987
9.19997
9.1999
9.19972
9.1995
9.19929
9.19908
9.19887
9.19866
9.19845
9.19824
9.19803
9.19782
9.19761
9.1974
9.19719
9.19698
9.19689
9.197
9.19699
9.19678
9.19656
9.19635
9.19614
9.19593
9.19704
9.19965
9.20244
9.20522
9.20801
9.20952
9.20953
9.20932
9.20911
9.2089
9.20869
9.20848
9.20854
9.20898
9.20915
9.20894
9.20873
9.20852
9.20831
9.20809
9.20938
9.21217
9.21496
9.21775
9.22054
9.22333
9.22611
9.2289
9.23169
9.23448
9.23727
9.24006
9.24278
9.24496
9.24623
9.24681
9.24686
9.24666
9.24644
9.24623
9.24603
9.24606
9.24662
9.24787
9.24988
9.25248
9.25527
9.25806
9.26084
9.26363
9.26642
9.26921
9.272
9.27479
9.27758
9.28036
9.28311
9.28565
9.28793
9.2901
9.29224
9.2944
9.29657
9.29877
9.30096
9.30309
9.3051
9.30694
9.3086
9.31006
9.31129
9.31225
9.31301
9.31366
9.31424
9.31476
9.31528
9.31592
9.31674
9.31774
9.31892
9.3203
9.3219
9.32366
9.3256
9.32774
9.3301
9.33265
9.33534
9.33812
9.34091
9.34369
9.34648
9.34927
9.35206
9.35485
9.35764
9.36043
9.36321
9.366
9.36879
9.37158
9.37437
9.37716
9.37995
9.38273
9.38536
9.38753
9.38906
9.39004
9.39066
9.39112
9.3916
9.39213
9.39269
9.39327
9.39397
9.39489
9.39611
9.39764
9.3995
9.40165
9.40411
9.40683
9.40962
9.41241
9.4152
9.41798
9.42077
9.42356
9.42635
9.42914
9.43193
9.43472
9.4375
9.44029
9.44308
9.44587
9.44866
9.45145
9.45424
9.45702
9.45981
9.4626
9.46539
9.46818
9.47097
9.47376
9.47654
9.47933
9.48212
9.48491
9.4877
9.49049
9.49328
9.49606
9.49885
9.50163
9.50419
9.50644
9.50838
9.50999
9.51125
9.51217
9.51278
9.51311
9.51318
9.51305
9.51284
9.51263
9.51242
9.51221
9.512
9.51179
9.51158
9.51137
9.51116
9.51095
9.51073
9.51052
9.51031
9.5101
9.50989
9.50968
9.50947
9.50926
9.50905
9.50884
9.50863
9.50842
9.50821
9.50799
9.50778
9.50757
9.5074
9.50726
9.50717
9.50715
9.50722
9.50736
9.50755
9.50781
9.50812
9.50852
9.50899
9.50958
9.51028
9.51107
9.51191
9.5128
9.51381
9.51499
9.51637
9.51794
9.51967
9.52151
9.52344
9.52544
9.52749
9.52956
9.53163
9.53372
9.53581
9.53788
9.53991
9.54191
9.54389
9.5458
9.54765
9.54947
9.55131
9.55321
9.55518
9.5572
9.55924
9.56131
9.5634
9.56556
9.56776
9.56998
9.57217
9.57432
9.57641
9.57844
9.58036
9.58217
9.58385
9.58543
9.58694
9.58838
9.58979
9.59124
9.59274
9.59428
9.59584
9.59744
9.59912
9.60082
9.60246
9.60401
9.60549
9.60692
9.6083
9.60963
9.61094
9.61224
9.61352
9.61481
9.61612
9.61748
9.6189
9.62036
9.62188
9.62344
9.62501
9.62662
9.62824
9.62987
9.63149
9.63312
9.63474
9.63636
9.63796
9.63952
9.64101
9.64242
9.64376
9.64505
9.64631
9.64755
9.64876
9.64988
9.65091
9.6519
9.65292
9.65402
9.6552
9.65641
9.65765
9.65887
9.66008
9.66126
9.66241
9.66354
9.66465
9.66576
9.66685
9.6679
9.66892
9.66992
9.67092
9.67196
9.67304
9.67417
9.67533
9.67649
9.67761
9.67868
9.67974
9.68076
9.68172
9.68259
9.68339
9.68412
9.68486
9.68565
9.68648
9.68734
9.68823
9.68913
9.69002
9.69089
9.69177
9.69267
9.69359
9.69455
9.69557
9.69666
9.69776
9.69885
9.69993
9.70099
9.70205
9.70307
9.70406
9.70501
9.70592
9.70675
9.70749
9.70813
9.70871
9.70924
9.70971
9.71012
9.71048
9.71085
9.71126
9.71172
9.7122
9.71267
9.71306
9.71335
9.71355
9.71372
9.71389
9.71406
9.71422
9.71439
9.71455
9.71473
9.71496
9.71525
9.71559
9.71598
9.71639
9.71681
9.71724
9.71769
9.71818
9.71869
9.71918
9.71966
9.72012
9.7206
9.72107
9.72153
9.72197
9.72239
9.7228
9.72326
9.72378
9.72436
9.72494
9.72552
9.72614
9.7268
9.72746
9.7281
9.72875
9.72945
9.73021
9.731
9.73179
9.73256
9.73332
9.73408
9.73486
9.73567
9.73651
9.73736
9.73818
9.73898
9.73979
9.74063
9.7415
9.74237
9.74325
9.74414
9.74505
9.74602
9.74704
9.74812
9.74923
9.75038
9.75154
9.7527
9.75388
9.75502
9.75605
9.75698
9.75796
9.7591
9.76034
9.7616
9.76282
9.764
9.76518
9.76638
9.76754
9.76863
9.76965
9.77062
9.7716
9.77256
9.77349
9.7744
9.7753
9.7762
9.77709
9.77803
9.77901
9.78004
9.78112
9.78226
9.78347
9.78478
9.78624
9.78783
9.78946
9.79107
9.79269
9.79434
9.79602
9.79768
9.79925
9.80071
9.80211
9.80352
9.80495
9.8064
9.80783
9.80922
9.81052
9.8118
9.81319
9.81472
9.81629
9.81779
9.81922
9.82065
9.82209
9.8235
9.82485
9.82612
9.82733
9.8285
9.82966
9.83079
9.83187
9.83288
9.83382
9.83471
9.83557
9.83641
9.83727
9.83817
9.83912
9.84012
9.8412
9.84231
9.84346
9.84463
9.8458
9.84694
9.84803
9.84905
9.85003
9.85099
9.85194
9.85287
9.85381
9.85476
9.85575
9.8568
9.85791
9.85905
9.86019
9.86134
9.8625
9.86368
9.86488
9.86608
9.86726
9.8684
9.86952
9.87063
9.87175
9.87286
9.87394
9.875
9.87605
9.87705
9.87797
9.87883
9.87965
9.88046
9.88126
9.88206
9.88285
9.8837
9.88555
9.88555
9.88652
9.88751
9.88851
9.88951
9.89052
9.89157
9.8927
9.89395
9.89528
9.89663
9.89794
9.89921
9.90044
9.90164
9.90285
9.90403
9.90515
9.90621
9.90722
9.90826
9.90933
9.91042
9.91151
9.91259
9.91366
9.9147
9.9157
9.91665
9.91759
9.91853
9.91946
9.92035
9.92117
9.92191
9.92254
9.92306
9.92347
9.9238
9.92416
9.92463
9.92519
9.92573
9.92622
9.92673
9.92732
9.92798
9.92869
9.92945
9.93021
9.93097
9.93169
9.9324
9.93313
9.9339
9.93468
9.93547
9.93625
9.93701
9.93779
9.9386
9.93944
9.94025
9.94102
9.94175
9.94247
9.94321
9.94394
9.94463
9.9453
9.94598
9.94669
9.94744
9.94823
9.94906
9.94989
9.95073
9.9516
9.95244
9.95322
9.95391
9.95456
9.95518
9.95578
9.95685
9.95685
9.95736
9.95787
9.95836
9.95889
9.95948
9.9601
9.96074
9.96143
9.96219
9.96302
9.96388
9.96474
9.96558
9.9664
9.96721
9.96803
9.96885
9.96964
9.97043
9.97122
9.972
9.97278
9.97355
9.97428
9.975
9.97572
9.97649
9.97724
9.97798
9.9787
9.97945
9.98024
9.98107
9.98193
9.98279
9.98364
9.98449
9.98538
9.98629
9.98723
9.9882
9.98918
9.99018
9.99119
9.99223
9.99329
9.99437
9.99545
9.99653
9.99765
9.99885
10.0001
10.0015
10.0029
10.0043
10.0057
10.0072
10.0101
10.0101
10.0116
10.0144
10.0144
10.0158
10.0173
10.0188
10.0203
10.0218
10.0232
10.0247
10.0262
10.0278
10.0293
10.0308
10.0322
10.0335
10.0347
10.0359
10.0384
10.0384
10.0397
10.0411
10.0425
10.0438
10.0452
10.0466
10.048
10.0494
10.0508
10.0522
10.0536
10.055
10.0564
10.0577
10.059
10.0603
10.0616
10.0629
10.0641
10.0652
10.0664
10.0674
10.0685
10.0695
10.0706
10.0717
10.0728
10.0739
10.0751
10.0763
10.0776
10.0803
10.0803
10.0817
10.0831
10.0846
10.0861
10.0875
10.0889
10.0903
10.0917
10.0932
10.0946
10.0973
10.0973
10.0997
10.0997
10.101
10.1035
10.1035
10.1047
10.1059
10.1071
10.1084
10.1097
10.1111
10.1125
10.1138
10.1152
10.1166
10.1179
10.1203
10.1203
10.1224
10.1224
10.1233
10.1242
10.1251
10.1258
10.1265
10.1272
10.1277
10.1281
10.1282
10.1282
10.1281
10.1279
10.1278
10.1277
10.1277
10.1278
10.1285
10.1285
10.1289
10.1294
10.1294
10.1309
10.1321
10.1335
10.1374
10.1374
10.1399
10.1399
10.1483
10.1511
10.1539
10.1567
10.1594
10.1567
10.1594
10.1637
10.1635
10.1633
10.1633
10.1635
10.168
10.1708
10.1736
10.1762
10.1772
10.177
10.1768
10.1766
10.1764
10.1764
10.176
10.176
10.1756
10.1756
10.1755
10.1772
10.18
10.1828
10.1828
10.1883
10.1911
10.1939
10.1966
10.1992
10.1992
10.2035
10.2053
10.2072
10.2093
10.2112
10.2127
10.2138
10.2145
10.2148
10.2148
10.2145
10.2143
10.2141
10.2139
10.214
10.2149
10.2167
10.2191
10.2219
10.2247
10.2275
10.2303
10.2331
10.2359
10.2387
10.2415
10.2442
10.247
10.2498
10.2526
10.2554
10.2582
10.2609
10.2636
10.2663
10.269
10.269
10.2742
10.2766
10.2787
10.2805
10.2821
10.2836
10.285
10.2861
10.2871
10.2881
10.2893
10.2906
10.2921
10.2938
10.2957
10.2957
10.3005
10.3033
10.3061
10.3088
10.3116
10.3144
10.3172
10.32
10.3228
10.3256
10.3284
10.3312
10.3339
10.3367
10.3394
10.342
10.3445
10.347
10.3497
10.3524
10.3551
10.3577
10.3601
10.3622
10.364
10.3657
10.3673
10.3687
10.37
10.3711
10.3722
10.3731
10.374
10.3748
10.3756
10.3765
10.3777
10.379
10.3805
10.382
10.3836
10.3853
10.3871
10.3892
10.3916
10.3941
10.3966
10.3991
10.4016
10.4039
10.4062
10.4085
10.4108
10.413
10.4152
10.4176
10.42
10.4225
10.425
10.4275
10.4302
10.433
10.4358
10.4386
10.4414
10.4414
10.4469
10.4469
10.4525
10.4553
10.4581
10.4609
10.4637
10.4665
10.4693
10.472
10.4748
10.4776
10.4804
10.4832
10.486
10.4888
10.4916
10.4943
10.4971
10.4999
10.5027
10.5055
10.5083
10.5111
10.5138
10.5166
10.5193
10.5219
10.5245
10.5268
10.529
10.5311
10.5331
10.5351
10.537
10.5387
10.5402
10.5412
10.542
10.5426
10.5431
10.5437
10.5442
10.5447
10.5451
10.5454
10.5457
10.5459
10.5461
10.5463
10.5465
10.5467
10.5468
10.5468
10.5467
10.5466
10.5464
10.5463
10.5462
10.546
10.5459
10.5457
10.5455
10.5453
10.5451
10.5449
10.5447
10.5445
10.5443
10.5441
10.5439
10.5436
10.5434
10.5432
10.543
10.5428
10.5426
10.5424
10.5423
10.5423
10.5424
10.5427
10.5432
10.5438
10.5446
10.5455
10.5465
10.5475
10.5486
10.5498
10.5512
10.5528
10.5546
10.5565
10.5585
10.5604
10.5622
10.5641
10.566
10.568
10.57
10.5721
10.5743
10.5767
10.5792
10.5818
10.5845
10.5873
10.5901
10.5928
10.5956
10.5984
10.6012
10.604
10.6068
10.6096
10.6124
10.6151
10.6179
10.6207
10.6235
10.6263
10.6291
10.6319
10.6347
10.6375
10.6402
10.643
10.6458
10.6486
10.6514
10.6541
10.6566
10.659
10.6613
10.6636
10.6659
10.6682
10.6705
10.6726
10.6747
10.6766
10.6787
10.6808
10.6829
10.685
10.6871
10.6892
10.6912
10.6932
10.695
10.6967
10.6984
10.7001
10.7017
10.7035
10.7052
10.7069
10.7085
10.7099
10.7111
10.7122
10.7132
10.7142
10.7153
10.7162
10.7171
10.718
10.7188
10.7196
10.7203
10.7211
10.7217
10.7223
10.7228
10.7234
10.724
10.7246
10.7253
10.726
10.7268
10.7275
10.7284
10.7292
10.7301
10.7309
10.7316
10.7323
10.7329
10.7333
10.7338
10.7343
10.7348
10.7353
10.7357
10.7361
10.7364
10.7366
10.7368
10.7369
10.7371
10.7373
10.7376
10.7379
10.7384
10.7389
10.7395
10.7403
10.741
10.7417
10.7425
10.7434
10.7445
10.7456
10.7467
10.7477
10.7485
10.7493
10.7501
10.751
10.7519
10.7529
10.7539
10.7549
10.756
10.757
10.7581
10.7592
10.7602
10.7612
10.7622
10.7633
10.7643
10.7654
10.7664
10.7674
10.7684
10.7694
10.7704
10.7714
10.7723
10.7732
10.7739
10.7747
10.7755
10.7764
10.7772
10.7781
10.7788
10.7796
10.7805
10.7815
10.7826
10.7837
10.7847
10.7856
10.7865
10.7873
10.7881
10.7889
10.7897
10.7905
10.7913
10.7922
10.793
10.7937
10.7944
10.795
10.7956
10.7963
10.7969
10.7975
10.7981
10.7988
10.7995
10.8
10.8005
10.801
10.8014
10.8018
10.8022
10.8026
10.803
10.8033
10.8036
10.8039
10.8043
10.8048
10.8054
10.806
10.8066
10.8073
10.808
10.8088
10.8096
10.8104
10.8113
10.8123
10.8133
10.8144
10.8155
10.8166
10.8177
10.8188
10.8199
10.8211
10.8223
10.8234
10.8245
10.8254
10.8264
10.8273
10.8282
10.8291
10.8301
10.8311
10.8323
10.8334
10.8345
10.8356
10.8367
10.8378
10.839
10.8402
10.8413
10.8424
10.8434
10.8445
10.8456
10.8467
10.8478
10.8489
10.8501
10.8513
10.8526
10.8537
10.8549
10.856
10.8572
10.8584
10.8595
10.8607
10.8619
10.8632
10.8645
10.8657
10.8668
10.8678
10.8688
10.8697
10.8706
10.8715
10.8725
10.8735
10.8745
10.8754
10.8763
10.8773
10.8782
10.8791
10.88
10.881
10.8821
10.8833
10.8846
10.8858
10.887
10.8883
10.8895
10.8907
10.8919
10.8931
10.8942
10.8954
10.8966
10.8978
10.899
10.9001
10.9013
10.9024
10.9037
10.9052
10.9068
10.9083
10.9096
10.9107
10.9118
10.9128
10.9138
10.9149
10.9158
10.9168
10.9178
10.9187
10.9197
10.9206
10.9215
10.9225
10.9234
10.9244
10.9254
10.9264
10.9273
10.9281
10.9289
10.9297
10.9305
10.9314
10.9323
10.9333
10.9342
10.9352
10.9362
10.9373
10.9384
10.9396
10.9407
10.9419
10.9431
10.9443
10.9455
10.9467
10.9479
10.9491
10.9503
10.9514
10.9525
10.9535
10.9545
10.9554
10.9564
10.9573
10.9582
10.9591
10.96
10.9609
10.9617
10.9626
10.9635
10.9645
10.9654
10.9663
10.9672
10.9672
10.9692
10.9701
10.9711
10.9721
10.973
10.9739
10.9748
10.9757
10.9767
10.9776
10.9784
10.9792
10.98
10.9808
10.9815
10.9823
10.9831
10.9839
10.9847
10.9855
10.9855
10.987
10.9877
10.9883
10.989
10.9898
10.9907
10.9914
10.9921
10.9927
10.9934
10.994
10.9947
10.9954
10.9961
10.9968
10.9975
10.9982
10.9989
10.9997
11.0005
11.0013
11.0021
11.0028
11.0034
11.004
11.0044
11.0049
11.0052
11.0056
11.0059
11.0062
11.0065
11.0068
11.0071
11.0075
11.0078
11.0082
11.0086
11.009
11.0094
11.0099
11.0104
11.011
11.0114
11.0119
11.0125
11.0131
11.0139
11.0147
11.0157
11.0167
11.0177
11.0187
11.0197
11.0207
11.0216
11.0224
11.0231
11.0237
11.0243
11.0248
11.0253
11.0259
11.0264
11.027
11.0276
11.0284
11.0292
11.0301
11.031
11.032
11.033
11.034
11.0349
11.0359
11.0368
11.0379
11.039
11.0401
11.0412
11.0424
11.0436
11.045
11.0465
11.0465
11.0499
11.0517
11.0535
11.0553
11.0572
11.0589
11.0606
11.0623
11.064
11.064
11.0675
11.069
11.0706
11.0722
11.074
11.074
11.0776
11.0793
11.0809
11.0824
11.084
11.0856
11.0873
11.0891
11.0908
11.0924
11.0938
11.0953
11.0966
11.0966
11.0992
11.1004
11.1015
11.1025
11.1036
11.1046
11.1056
11.1066
11.1077
11.109
11.1105
11.112
11.1136
11.1136
11.118
11.1207
11.1235
11.1263
11.1291
11.1319
11.1347
11.1375
11.1403
11.1403
11.1458
11.1486
11.1514
11.1542
11.157
11.1598
11.1626
11.1653
11.1671
11.1671
11.1674
11.1672
11.167
11.1668
11.1668
11.1663
11.1661
11.1661
11.1657
11.1655
11.1653
11.1653
11.1649
11.1646
11.1644
11.1642
11.164
11.1638
11.1636
11.1636
11.1632
11.163
11.1628
11.1628
11.1623
11.1623
11.1619
11.1617
11.1616
11.1616
11.1613
11.1618
11.1628
11.164
11.1657
11.1679
11.1706
11.1706
11.1762
11.179
11.1818
11.1846
11.1874
11.1874
11.1929
11.1957
11.1985
11.2013
11.2013
11.2069
11.2069
11.2124
11.2152
11.218
11.2208
11.2236
11.2264
11.2291
11.2318
11.2345
11.2372
11.2372
11.2396
11.2418
11.2453
11.2466
11.2476
11.2485
11.2485
11.2503
11.2509
11.2514
11.2517
11.2522
11.2528
11.2528
11.2535
11.2544
11.2554
11.258
11.258
11.2612
11.2612
11.263
11.2648
11.2668
11.2713
11.2713
11.2737
11.276
11.2781
11.2817
11.2817
11.2833
11.2864
11.2864
11.2896
11.2896
11.2923
11.2923
11.2934
11.2944
11.2954
11.2976
11.2976
11.3003
11.3003
11.3018
11.3035
11.3076
11.3076
11.3129
11.3129
11.3157
11.3185
11.3213
11.324
11.3268
11.3296
11.3324
11.3352
11.338
11.3408
11.3436
11.3464
11.3491
11.3519
11.3547
11.3575
11.3603
11.3631
11.3659
11.3687
11.3714
11.3742
11.377
11.3798
11.3826
11.3854
11.3882
11.391
11.3937
11.3985
11.3985
11.4025
11.4025
11.4042
11.4057
11.4069
11.4079
11.4089
11.4099
11.4118
11.4118
11.4127
11.4134
11.4138
11.4141
11.4143
11.4144
11.4145
11.4146
11.4146
11.4147
11.4149
11.4151
11.4154
11.4158
11.4162
11.4167
11.4171
11.4174
11.4176
11.4177
11.4178
11.4179
11.418
11.4179
11.4177
11.4175
11.4173
11.417
11.4168
11.4167
11.4166
11.4166
11.4165
11.4162
11.416
11.4156
11.4156
11.4154
11.415
11.415
11.4146
11.4146
11.4143
11.4141
11.4137
11.4137
11.4135
11.4134
11.4146
11.4146
11.4158
11.4173
11.4214
11.4214
11.4266
11.4266
11.4321
11.4321
11.4372
11.4372
11.4396
11.4421
11.4446
11.4473
11.4501
11.4529
11.4585
11.4585
11.4612
11.464
11.4668
11.4696
11.4752
11.4752
11.478
11.4808
11.4836
11.4863
11.4891
11.4919
11.4975
11.4975
11.5031
11.5031
11.5059
11.5086
11.5142
11.5142
11.517
11.5198
11.5226
11.5254
11.5282
11.531
11.5337
11.5365
11.5393
11.5421
11.5449
11.5477
11.5533
11.5533
11.5561
11.5588
11.5616
11.5644
11.57
11.57
11.5728
11.5756
11.5812
11.5812
11.5839
11.5867
11.5895
11.5923
11.5951
11.5979
11.6007
11.6034
11.6059
11.6081
11.6101
11.6119
11.6137
11.6152
11.6179
11.6179
11.6191
11.6202
11.6213
11.6224
11.6248
11.6248
11.6261
11.6274
11.6286
11.6296
11.6305
11.6312
11.632
11.632
11.6322
11.6323
11.6324
11.6326
11.6327
11.6327
11.6329
11.6331
11.6333
11.6336
11.6338
11.6341
11.6341
11.6343
11.6346
11.635
11.635
11.635
11.6348
11.6347
11.6347
11.6348
11.635
11.6352
11.6354
11.6355
11.6356
11.6358
11.636
11.6365
11.637
11.6377
11.6383
11.6389
11.6394
11.6399
11.6403
11.6408
11.6412
11.6416
11.6419
11.6421
11.6422
11.6423
11.6423
11.6424
11.6424
11.6424
11.6424
11.6423
11.6422
11.6422
11.6422
11.6422
11.6423
11.6423
11.6425
11.6426
11.6428
11.643
11.6432
11.6434
11.6436
11.6437
11.6439
11.644
11.6441
11.6443
11.6446
11.6448
11.645
11.6451
11.6452
11.6454
11.6456
11.646
11.6463
11.6465
11.6468
11.6472
11.6476
11.6481
11.6486
11.649
11.6496
11.6501
11.6507
11.6513
11.6518
11.6524
11.653
11.6537
11.6543
11.655
11.6558
11.6567
11.6575
11.6584
11.6593
11.6602
11.6611
11.662
11.6629
11.6638
11.6646
11.6656
11.6665
11.6676
11.6686
11.6695
11.6704
11.6714
11.6723
11.6732
11.6742
11.6751
11.6761
11.6771
11.6782
11.6792
11.6803
11.6814
11.6825
11.6836
11.6847
11.6857
11.6868
11.6878
11.6888
11.6898
11.6908
11.6919
11.6929
11.6939
11.695
11.696
11.6969
11.6978
11.6987
11.6995
11.7004
11.7014
11.7025
11.7036
11.7047
11.7059
11.7071
11.7085
11.7099
11.7114
11.7129
11.7143
11.7156
11.7167
11.7176
11.7184
11.7191
11.7198
11.7204
11.721
11.7216
11.7223
11.7229
11.7237
11.7246
11.7255
11.7266
11.7276
11.7287
11.7298
11.7308
11.7319
11.7329
11.7339
11.7349
11.7359
11.7369
11.7379
11.7391
11.7405
11.7421
11.7438
11.7454
11.747
11.7483
11.7493
11.7502
11.7511
11.7521
11.7533
11.7545
11.7558
11.757
11.7583
11.7596
11.7607
11.7618
11.7629
11.7639
11.7649
11.7658
11.7667
11.7674
11.7681
11.7688
11.7695
11.7705
11.7715
11.7727
11.7738
11.7749
11.7761
11.7772
11.7783
11.7793
11.7804
11.7816
11.7828
11.784
11.7852
11.7862
11.7873
11.7883
11.7894
11.7905
11.7917
11.793
11.7942
11.7953
11.7964
11.7975
11.7987
11.7999
11.801
11.8022
11.8034
11.8046
11.8057
11.8069
11.808
11.809
11.8101
11.8112
11.8123
11.8132
11.8141
11.8149
11.8158
11.8167
11.8176
11.8185
11.8194
11.8203
11.8212
11.8221
11.823
11.824
11.825
11.826
11.8271
11.8282
11.8293
11.8304
11.8315
11.8326
11.8337
11.8349
11.8361
11.8372
11.8384
11.8396
11.8408
11.842
11.8432
11.8444
11.8456
11.8468
11.8481
11.8494
11.8507
11.852
11.8534
11.8548
11.8563
11.8579
11.8594
11.8609
11.8623
11.8636
11.8647
11.8658
11.8669
11.8679
11.8689
11.8699
11.8708
11.8718
11.8727
11.8736
11.8747
11.8757
11.8768
11.8778
11.8789
11.8799
11.881
11.8822
11.8833
11.8845
11.8857
11.8869
11.888
11.8892
11.8903
11.8915
11.8926
11.8937
11.8948
11.8959
11.897
11.8982
11.8994
11.9006
11.9017
11.9028
11.9039
11.905
11.9061
11.9072
11.9082
11.9092
11.9103
11.9114
11.9126
11.9137
11.9149
11.9159
11.917
11.9182
11.9193
11.9205
11.9216
11.9228
11.924
11.9251
11.9263
11.9274
11.9285
11.9296
11.9306
11.9317
11.9328
11.9339
11.9351
11.9364
11.9376
11.9389
11.9401
11.9413
11.9426
11.9439
11.9452
11.9464
11.9475
11.9485
11.9494
11.9503
11.9512
11.952
11.9527
11.9533
11.9537
11.9541
11.9545
11.9548
11.9551
11.9555
11.9561
11.957
11.9584
11.9607
11.9635
11.9663
11.9691
11.9718
11.9746
11.9774
11.9802
11.9828
11.9854
11.9878
11.9893
11.9895
11.9893
11.9891
11.9889
11.9887
11.9885
11.9883
11.9881
11.9879
11.9876
11.9874
11.9876
11.9882
11.9886
11.9886
11.9884
11.9881
11.9879
11.9877
11.9875
11.9873
11.9871
11.9869
11.9867
11.9865
11.9862
11.986
11.9858
11.9856
11.9854
11.9852
11.985
11.9848
11.9846
11.9846
11.9852
11.9865
11.9884
11.9909
11.9937
11.9964
11.9992
12.002
12.0048
12.0076
12.0104
12.0132
12.016
12.0188
12.0215
12.0243
12.0271
12.0299
12.0327
12.0355
12.0383
12.0411
12.0438
12.0466
12.0493
12.0517
12.0538
12.0555
12.057
12.0583
12.0594
12.0602
12.0608
12.0613
12.0618
12.0622
12.0627
12.0632
12.0638
12.0646
12.0655
12.0667
12.0681
12.0697
12.0714
12.0731
12.0748
12.0766
12.0784
12.0802
12.0822
12.0842
12.0863
12.0883
12.0902
12.0921
12.0939
12.0958
12.0977
12.0996
12.1013
12.1029
12.1044
12.1058
12.107
12.1081
12.1091
12.1099
12.1108
12.1117
12.1126
12.1134
12.1142
12.1153
12.1166
12.1181
12.1196
12.1212
12.1227
12.1245
12.1264
12.1284
12.1305
12.1326
12.1347
12.1369
12.1392
12.1416
12.1442
12.1469
12.1497
12.1525
12.1553
12.1581
12.1608
12.1636
12.1664
12.1692
12.172
12.1748
12.1776
12.1804
12.1832
12.1859
12.1887
12.1915
12.1943
12.1971
12.1999
12.2027
12.2055
12.2083
12.211
12.2138
12.2166
12.2194
12.2222
12.225
12.2277
12.2303
12.2326
12.2348
12.2367
12.2384
12.24
12.2414
12.2427
12.2438
12.2448
12.2457
12.2465
12.2471
12.2475
12.2477
12.2477
12.2476
12.2474
12.2472
12.247
12.2468
12.2466
12.2464
12.2462
12.246
12.2458
12.2455
12.2453
12.2451
12.2449
12.2447
12.2445
12.2443
12.2441
12.2439
12.2436
12.2434
12.2432
12.243
12.2428
12.2426
12.2424
12.2422
12.242
12.2417
12.2415
12.2413
12.2411
12.2409
12.2407
12.2405
12.2403
12.2401
12.2399
12.2397
12.2395
12.2393
12.239
12.2389
12.239
12.2394
12.2401
12.2408
12.2415
12.2423
12.2432
12.2443
12.2457
12.2474
12.2493
12.2514
12.2536
12.256
12.2586
12.2613
12.2641
12.2669
12.2697
12.2725
12.2753
12.2781
12.2809
12.2836
12.2864
12.2892
12.292
12.2948
12.2976
12.3004
12.3032
12.306
12.3087
12.3115
12.3143
12.3171
12.3199
12.3227
12.3255
12.3283
12.331
12.3338
12.3366
12.3394
12.3422
12.345
12.3478
12.3506
12.3534
12.3561
12.3589
12.3617
12.3645
12.3673
12.3701
12.3729
12.3757
12.3785
12.3812
12.384
12.3866
12.389
12.3914
12.3935
12.3955
12.3975
12.3994
12.4014
12.4034
12.4053
12.407
12.4086
12.4101
12.4115
12.4129
12.4144
12.4159
12.4173
12.4186
12.4197
12.4207
12.4217
12.4229
12.424
12.4252
12.4265
12.4277
12.429
12.4303
12.4317
12.433
12.4344
12.4358
12.4372
12.4386
12.4401
12.4416
12.443
12.4444
12.4457
12.4469
12.4482
12.4494
12.4505
12.4516
12.4528
12.4539
12.455
12.456
12.4571
12.4581
12.4592
12.4604
12.4615
12.4627
12.4639
12.4651
12.4664
12.4677
12.469
12.4702
12.4713
12.4724
12.4734
12.4743
12.4754
12.4764
12.4774
12.4785
12.4795
12.4806
12.4817
12.4828
12.4839
12.4852
12.4864
12.4877
12.489
12.4903
12.4916
12.493
12.4943
12.4956
12.4969
12.4983
12.4996
12.5009
12.5023
12.5037
12.5051
12.5065
12.5078
12.5091
12.5103
12.5115
12.5127
12.514
12.5152
12.5165
12.5177
12.519
12.5202
12.5214
12.5226
12.5238
12.525
12.5261
12.5272
12.5282
12.5292
12.5302
12.5312
12.5322
12.5332
12.5342
12.5352
12.5362
12.5371
12.5381
12.539
12.5399
12.5408
12.5417
12.5425
12.5435
12.5444
12.5453
12.5463
12.5474
12.5485
12.5497
12.5509
12.5522
12.5535
12.5548
12.5562
12.5576
12.5591
12.5606
12.5621
12.5636
12.5651
12.5665
12.568
12.5694
12.5709
12.5723
12.5737
12.5752
12.5767
12.5781
12.5796
12.581
12.5825
12.584
12.5855
12.587
12.5886
12.59
12.5915
12.5929
12.5944
12.5959
12.5974
12.5989
12.6004
12.6019
12.6033
12.6048
12.6063
12.6079
12.6096
12.6113
12.613
12.6149
12.6167
12.6185
12.6203
12.6221
12.624
12.6259
12.6277
12.6296
12.6316
12.6336
12.6356
12.6377
12.6398
12.6419
12.644
12.6461
12.6482
12.6504
12.6526
12.6547
12.6568
12.6589
12.6611
12.6633
12.6655
12.6677
12.67
12.6722
12.6745
12.6768
12.6792
12.6815
12.6838
12.686
12.6882
12.6904
12.6926
12.6948
12.6969
12.6989
12.7009
12.7028
12.7047
12.7066
12.7085
12.7103
12.7122
12.714
12.7158
12.7176
12.7194
12.7211
12.7228
12.7245
12.7261
12.7278
12.7296
12.7313
12.7331
12.7348
12.7365
12.7382
12.7399
12.7416
12.7433
12.745
12.7466
12.7482
12.7497
12.7512
12.7526
12.754
12.7554
12.7568
12.7582
12.7595
12.7609
12.7623
12.7636
12.7649
12.7662
12.7676
12.7689
12.7703
12.7716
12.7729
12.7742
12.7754
12.7767
12.778
12.7793
12.7806
12.7819
12.7831
12.7843
12.7854
12.7866
12.7877
12.7889
12.79
12.791
12.7919
12.7929
12.7939
12.7949
12.7959
12.7969
12.7979
12.799
12.8
12.8011
12.8023
12.8035
12.8047
12.8059
12.8071
12.8084
12.8096
12.8108
12.812
12.8132
12.8144
12.8155
12.8167
12.8179
12.8191
12.8203
12.8215
12.8228
12.8241
12.8254
12.8267
12.828
12.8293
12.8306
12.832
12.8333
12.8346
12.836
12.8374
12.8388
12.8401
12.8414
12.8427
12.8439
12.8452
12.8465
12.8478
12.8491
12.8504
12.8518
12.8532
12.8545
12.8558
12.8571
12.8584
12.8597
12.861
12.8624
12.8637
12.865
12.8663
12.8675
12.8688
12.8701
12.8715
12.8729
12.8742
12.8756
12.877
12.8784
12.8798
12.8812
12.8826
12.8841
12.8855
12.8869
12.8883
12.8897
12.891
12.8923
12.8936
12.8949
12.8962
12.8975
12.8988
12.9001
12.9016
12.903
12.9044
12.9058
12.9072
12.9086
12.9102
12.9117
12.9133
12.9148
12.9164
12.9181
12.9198
12.9215
12.9232
12.9249
12.9266
12.9282
12.9299
12.9314
12.933
12.9347
12.9363
12.9378
12.9394
12.9409
12.9425
12.944
12.9455
12.9471
12.9486
12.9502
12.9518
12.9534
12.955
12.9566
12.9583
12.9598
12.9614
12.963
12.9645
12.966
12.9676
12.9691
12.9707
12.9722
12.9737
12.9752
12.9766
12.9781
12.9796
12.9811
12.9825
12.9839
12.9853
12.9866
12.9881
12.9895
12.991
12.9925
12.994
12.9955
12.997
12.9985
13
13.0015
13.003
13.0046
13.0061
13.0075
13.009
13.0104
13.0117
13.013
13.0143
13.0155
13.0167
13.0179
13.019
13.0201
13.0212
13.0222
13.0233
13.0244
13.0254
13.0263
13.0271
13.028
13.029
13.0299
13.0309
13.0319
13.033
13.034
13.0351
13.0362
13.0373
13.0384
13.0396
13.0407
13.0419
13.0429
13.0439
13.0448
13.0457
13.0467
13.0476
13.0486
13.0496
13.0506
13.0517
13.0527
13.0538
13.0547
13.0557
13.0566
13.0576
13.0585
13.0594
13.0603
13.0612
13.0621
13.063
13.0639
13.0647
13.0657
13.0666
13.0675
13.0684
13.0694
13.0703
13.0712
13.0721
13.0729
13.0737
13.0746
13.0754
13.0762
13.077
13.0778
13.0787
13.0796
13.0804
13.0812
13.082
13.0829
13.0838
13.0846
13.0855
13.0864
13.0873
13.0882
13.0891
13.09
13.0909
13.0918
13.0927
13.0936
13.0945
13.0954
13.0963
13.0972
13.0982
13.0991
13.1
13.1009
13.1018
13.1028
13.1037
13.1048
13.1059
13.1069
13.108
13.109
13.11
13.111
13.112
13.113
13.1141
13.1151
13.1161
13.1171
13.1181
13.1192
13.1202
13.1213
13.1224
13.1234
13.1244
13.1254
13.1265
13.1275
13.1286
13.1296
13.1307
13.1317
13.1327
13.1338
13.1348
13.1359
13.1371
13.1383
13.1395
13.1406
13.1416
13.1427
13.1438
13.145
13.1461
13.1473
13.1485
13.1497
13.1509
13.152
13.1532
13.1543
13.1554
13.1566
13.1579
13.1594
13.1608
13.1622
13.1636
13.1649
13.1663
13.1676
13.169
13.1703
13.1716
13.1727
13.1738
13.1748
13.1757
13.1767
13.1777
13.1787
13.1797
13.1807
13.1817
13.1827
13.1838
13.185
13.1861
13.1872
13.1882
13.1893
13.1904
13.1915
13.1927
13.1939
13.1951
13.1963
13.1974
13.1986
13.1997
13.2008
13.202
13.2032
13.2044
13.2057
13.207
13.2082
13.2095
13.2108
13.2121
13.2134
13.2147
13.2161
13.2175
13.2189
13.2202
13.2217
13.2231
13.2246
13.226
13.2275
13.2289
13.2304
13.232
13.2336
13.2352
13.2367
13.2382
13.2397
13.2413
13.2428
13.2444
13.246
13.2476
13.2491
13.2507
13.2522
13.2538
13.2553
13.2568
13.2583
13.2599
13.2614
13.263
13.2646
13.2663
13.268
13.2697
13.2714
13.2731
13.2747
13.2764
13.2782
13.28
13.2818
13.2838
13.2857
13.2876
13.2896
13.2915
13.2934
13.2953
13.2973
13.2992
13.3012
13.3032
13.3052
13.3072
13.3092
13.3112
13.3131
13.315
13.3169
13.3187
13.3205
13.3223
13.3241
13.3259
13.3277
13.3295
13.3312
13.3329
13.3346
13.3363
13.3379
13.3395
13.341
13.3425
13.344
13.3456
13.3471
13.3486
13.3501
13.3516
13.3531
13.3546
13.356
13.3575
13.3589
13.3603
13.3616
13.363
13.3643
13.3655
13.3668
13.3681
13.3693
13.3705
13.3716
13.3728
13.374
13.3751
13.3763
13.3775
13.3786
13.3797
13.3808
13.3818
13.3829
13.3839
13.3849
13.3859
13.3869
13.3879
13.3889
13.3898
13.3907
13.3917
13.3926
13.3935
13.3944
13.3952
13.3962
13.3971
13.3981
13.399
13.4
13.4009
13.4019
13.4029
13.404
13.4051
13.4062
13.4073
13.4083
13.4093
13.4102
13.4111
13.4121
13.4131
13.4141
13.4152
13.4163
13.4174
13.4186
13.4197
13.4209
13.422
13.4232
13.4245
13.4257
13.4268
13.428
13.4291
13.4303
13.4314
13.4325
13.4336
13.4347
13.4358
13.437
13.4382
13.4394
13.4407
13.4419
13.4432
13.4444
13.4469
13.4469
13.4482
13.4482
13.4508
13.4521
13.4535
13.4549
13.4562
13.4575
13.4589
13.4602
13.4615
13.4629
13.4642
13.4656
13.4669
13.4682
13.4695
13.4708
13.4721
13.4735
13.4748
13.4761
13.4774
13.4786
13.4798
13.4809
13.4821
13.4832
13.4844
13.4856
13.4867
13.4879
13.4889
13.4899
13.4909
13.4919
13.4929
13.4939
13.495
13.496
13.497
13.4979
13.4988
13.4997
13.5008
13.5021
13.5033
13.5046
13.506
13.5076
13.5122
13.5122
13.515
13.5178
13.5205
13.5224
13.5229
13.5227
13.5225
13.5223
13.5221
13.5219
13.5217
13.5215
13.521
13.521
13.5208
13.5206
13.5204
13.5202
13.52
13.5198
13.5196
13.5194
13.5191
13.519
13.5188
13.5186
13.5183
13.5185
13.5196
13.5218
13.5245
13.5273
13.53
13.5328
13.5356
13.5384
13.5412
13.544
13.5468
13.5492
13.5507
13.551
13.5508
13.5506
13.5504
13.5502
13.5499
13.5497
13.5495
13.5493
13.5491
13.5489
13.5487
13.5485
13.5483
13.5481
13.5481
13.5483
13.5488
13.5497
13.5512
13.5533
13.5559
13.5587
13.5615
13.5643
13.5671
13.5698
13.5754
13.5754
13.5782
13.581
13.5838
13.5866
13.5892
13.5915
13.5951
13.5951
13.5965
13.5979
13.599
13.5999
13.6006
13.6011
13.6014
13.6016
13.6016
13.6015
13.6014
13.6013
13.6012
13.601
13.6008
13.6006
13.6003
13.6001
13.5999
13.5997
13.5995
13.5993
13.5992
13.5992
13.5994
13.5996
13.5997
13.5999
13.6002
13.6004
13.6007
13.6009
13.6011
13.6013
13.6015
13.6017
13.6018
13.6018
13.6018
13.6015
13.6014
13.6012
13.601
13.601
13.6008
13.6008
13.6007
13.6008
13.6011
13.6016
13.6023
13.6031
13.6051
13.6051
13.6062
13.6074
13.6096
13.6096
13.6117
13.6117
13.6127
13.6137
13.6146
13.6156
13.6165
13.6176
13.6187
13.6199
13.621
13.6222
13.6236
13.6251
13.6268
13.6287
13.6305
13.6343
13.6343
13.6364
13.6386
13.6409
13.6435
13.6461
13.6489
13.6517
13.6572
13.6572
13.66
13.6628
13.6656
13.6684
13.6712
13.674
13.6795
13.6795
13.6823
13.6851
13.6879
13.6907
13.6963
13.6963
13.7019
13.7046
13.7046
13.7074
13.7102
13.713
13.7158
13.7185
13.721
13.7233
13.7253
13.7272
13.7306
13.7306
13.7321
13.7335
13.7359
13.737
13.737
13.739
13.74
13.74
13.7409
13.7428
13.7428
13.7438
13.7447
13.7464
13.7464
13.7473
13.7489
13.7489
13.7503
13.7509
13.7513
13.7517
13.7517
13.7521
13.7521
13.7522
13.7522
13.7521
13.7519
13.7517
13.7515
13.7513
13.7511
13.7509
13.7505
13.7505
13.7503
13.7502
13.7499
13.7497
13.7497
13.7495
13.7491
13.7489
13.7487
13.7487
13.7485
13.7483
13.7481
13.7478
13.7476
13.7472
13.7472
13.747
13.7468
13.7468
13.7471
13.7476
13.7482
13.7489
13.7497
13.7506
13.7516
13.7527
13.7539
13.7563
13.7563
13.7575
13.7588
13.7601
13.7629
13.7629
13.7643
13.7658
13.7673
13.7687
13.7701
13.7731
13.7731
13.7748
13.7766
13.7785
13.7826
13.7847
13.7847
13.7869
13.789
13.7912
13.7958
13.7958
13.798
13.8023
13.8023
13.8045
13.8068
13.809
13.8112
13.8133
13.8152
13.8171
13.819
13.8233
13.8233
13.8254
13.8274
13.8293
13.8329
13.8329
13.8345
13.8362
13.8378
13.8395
13.8412
13.8448
13.8448
13.8466
13.8483
13.8502
13.8521
13.8541
13.8561
13.8582
13.8602
13.8643
13.8643
13.8685
13.8685
13.8727
13.8727
13.8745
13.8761
13.8792
13.8792
13.8822
13.8822
13.8836
13.8865
13.888
13.888
13.8913
13.8913
13.893
13.8948
13.8967
13.9004
13.9004
13.9023
13.9061
13.9061
13.908
13.9101
13.9121
13.9158
13.9173
13.9173
13.9189
13.9204
13.9232
13.9232
13.9259
13.9273
13.9273
13.9299
13.9313
13.9313
13.9328
13.936
13.936
13.9376
13.939
13.9418
13.9434
13.9434
13.9451
13.949
13.949
13.9509
13.9528
13.9566
13.9566
13.9609
13.9631
13.9654
13.9654
13.9701
13.9724
13.9724
13.9748
13.9773
13.98
13.9828
13.9881
13.9904
13.9926
13.9926
13.9946
13.998
13.998
14.0011
14.0027
14.0011
14.0043
14.0072
14.0072
14.0097
14.011
14.0122
14.0134
14.0122
14.0146
14.0168
14.0168
14.019
14.0201
14.0201
14.0213
14.0237
14.0237
14.0262
14.0262
14.0284
14.0294
14.0294
14.0311
14.0319
14.0319
14.0334
14.0341
14.0348
14.0348
14.0355
14.0362
14.0372
14.0375
14.0379
14.0379
14.0389
14.0389
14.0394
14.0406
14.0412
14.0412
14.0418
14.0431
14.0431
14.0438
14.0452
14.0452
14.046
14.0468
14.0484
14.0493
14.0502
14.0502
14.0511
14.0529
14.0538
14.0538
14.0554
14.0554
14.056
14.0567
14.0573
14.0585
14.0589
14.0592
14.0595
14.0598
14.0601
14.0601
14.0607
14.0607
14.0612
14.0612
14.0618
14.0618
14.0626
14.0626
14.0633
14.0633
14.0642
14.0648
14.0653
14.0659
14.0665
14.0671
14.0677
14.0677
14.0688
14.0694
14.0699
14.0699
14.0714
14.0723
14.0736
14.0736
14.075
14.0765
14.078
14.0795
14.0808
14.0821
14.0846
14.0846
14.0859
14.087
14.0882
14.0894
14.0905
14.0916
14.0937
14.0946
14.0956
14.0968
14.0983
14.0983
14.1021
14.1021
14.1062
14.1083
14.1105
14.1128
14.1149
14.1168
14.1186
14.1202
14.1218
14.1218
14.1252
14.1268
14.1284
14.13
14.1315
14.1331
14.1346
14.1346
14.1375
14.1391
14.1406
14.1421
14.1437
14.1421
14.1469
14.1487
14.1505
14.1524
14.1542
14.1542
14.1579
14.1579
14.1615
14.1632
14.1632
14.1665
14.1681
14.1698
14.1715
14.1732
14.1748
14.1764
14.1764
14.1798
14.1816
14.1834
14.1853
14.1871
14.189
14.1909
14.1928
14.1946
14.1964
14.1982
14.2
14.2018
14.2037
14.2055
14.2073
14.2091
14.2109
14.2127
14.2145
14.2163
14.218
14.2197
14.2214
14.223
14.2247
14.2264
14.2282
14.2299
14.2316
14.2331
14.2331
14.2361
14.2375
14.239
14.2404
14.2418
14.2433
14.2447
14.2463
14.2478
14.2494
14.251
14.2525
14.2539
14.2554
14.2568
14.2582
14.2595
14.2608
14.2621
14.2621
14.2648
14.2662
14.2675
14.269
14.2704
14.272
14.2735
14.2751
14.2767
14.2767
14.2799
14.2814
14.2814
14.2845
14.2861
14.2877
14.2892
14.2907
14.2921
14.2936
14.2951
14.2966
14.2979
14.2993
14.3006
14.3019
14.3033
14.3047
14.3061
14.3076
14.309
14.3104
14.3118
14.3131
14.3144
14.3157
14.317
14.3183
14.3196
14.3208
14.322
14.3231
14.3243
14.3256
14.327
14.3283
14.3297
14.331
14.3323
14.3336
14.3349
14.3362
14.3375
14.3388
14.3402
14.3415
14.3428
14.344
14.3453
14.3453
14.3478
14.3491
14.3504
14.3516
14.3529
14.3542
14.3554
14.3567
14.3581
14.3594
14.3608
14.3622
14.3636
14.365
14.3664
14.3678
14.3692
14.3706
14.3721
14.3736
14.3752
14.3768
14.3783
14.3799
14.3815
14.3831
14.3848
14.3865
14.3883
14.3901
14.3919
14.3938
14.3957
14.3977
14.3997
14.4018
14.4041
14.4065
14.4088
14.411
14.413
14.415
14.4171
14.4193
14.4215
14.4236
14.4256
14.4275
14.4295
14.4314
14.4335
14.4355
14.4376
14.4398
14.4419
14.444
14.4463
14.4486
14.451
14.4533
14.4557
14.4579
14.4601
14.4623
14.4646
14.4668
14.469
14.4711
14.4729
14.4747
14.4765
14.4783
14.48
14.4818
14.4836
14.4855
14.4873
14.4891
14.4909
14.4927
14.4945
14.4962
14.498
14.4998
14.5015
14.5034
14.5051
14.5069
14.5087
14.5104
14.5122
14.5139
14.5157
14.5173
14.5188
14.5203
14.5216
14.5229
14.5241
14.5253
14.5265
14.5278
14.529
14.5302
14.5314
14.5327
14.534
14.5353
14.5365
14.5377
14.5388
14.5399
14.5411
14.5421
14.5431
14.5441
14.545
14.5459
14.5469
14.5479
14.549
14.55
14.5509
14.5519
14.5528
14.5538
14.5548
14.5558
14.5569
14.5579
14.5589
14.5598
14.5607
14.5616
14.5625
14.5634
14.5643
14.5651
14.5659
14.5668
14.5676
14.5685
14.5693
14.5702
14.5711
14.572
14.5729
14.5737
14.5745
14.5753
14.5762
14.5771
14.5779
14.5787
14.5795
14.5804
14.5812
14.582
14.5827
14.5833
14.584
14.5846
14.5852
14.5857
14.5863
14.5868
14.5874
14.588
14.5887
14.5894
14.5901
14.5909
14.5917
14.5925
14.5933
14.5941
14.5948
14.5956
14.5965
14.5973
14.5982
14.5991
14.5999
14.6008
14.6016
14.6023
14.603
14.6037
14.6043
14.6049
14.6053
14.6058
14.6062
14.6067
14.6072
14.6078
14.6083
14.6089
14.6095
14.6101
14.6107
14.6114
14.6121
14.6128
14.6135
14.6143
14.615
14.6157
14.6164
14.617
14.6176
14.6181
14.6185
14.6188
14.619
14.6191
14.6193
14.6194
14.6195
14.6198
14.6201
14.6206
14.6211
14.6216
14.6221
14.6226
14.6231
14.6236
14.6242
14.6249
14.6257
14.6264
14.6271
14.6279
14.6286
14.6294
14.6303
14.6312
14.6322
14.6332
14.6343
14.6352
14.6361
14.6371
14.638
14.6388
14.6395
14.6401
14.6407
14.6414
14.6422
14.6431
14.6441
14.645
14.646
14.647
14.6479
14.6489
14.6489
14.6499
14.6509
14.6519
14.6528
14.6537
14.6546
14.6554
14.6561
14.6569
14.6578
14.6587
14.6596
14.6606
14.6615
14.6624
14.6633
14.6642
14.6652
14.6662
14.6672
14.6683
14.6694
14.6705
14.6717
14.6729
14.6741
14.6753
14.6764
14.6776
14.6787
14.6799
14.681
14.6822
14.6833
14.6845
14.6857
14.6869
14.6881
14.6892
14.6904
14.6914
14.6925
14.6936
14.6946
14.6956
14.6967
14.6978
14.6988
14.6999
14.701
14.7021
14.7031
14.7042
14.7053
14.7064
14.7074
14.7085
14.7095
14.7105
14.7116
14.7126
14.7137
14.7147
14.7158
14.7169
14.718
14.719
14.72
14.721
14.722
14.7229
14.7238
14.7246
14.7254
14.7262
14.727
14.7277
14.7284
14.7291
14.7298
14.7306
14.7313
14.732
14.7327
14.7334
14.7341
14.7348
14.7354
14.736
14.7365
14.7369
14.7373
14.7378
14.7382
14.7385
14.7389
14.7392
14.7395
14.7398
14.7401
14.7403
14.7407
14.741
14.7413
14.7417
14.742
14.7424
14.7428
14.7433
14.7437
14.7441
14.7445
14.745
14.7455
14.746
14.7466
14.7472
14.7477
14.7483
14.7488
14.7494
14.75
14.7506
14.7512
14.7519
14.7526
14.7533
14.754
14.7546
14.7553
14.7559
14.7566
14.7572
14.7578
14.7583
14.7589
14.7594
14.76
14.7605
14.7611
14.7617
14.7623
14.7629
14.7636
14.7642
14.7648
14.7655
14.7661
14.7667
14.7673
14.768
14.7686
14.7693
14.7699
14.7706
14.7712
14.7719
14.7725
14.7731
14.7736
14.7742
14.7747
14.7752
14.7757
14.7761
14.7765
14.777
14.7775
14.7781
14.7787
14.7792
14.7798
14.7804
14.7811
14.7817
14.7823
14.7829
14.7835
14.7841
14.7847
14.7853
14.7859
14.7867
14.7875
14.7882
14.789
14.7897
14.7904
14.7912
14.792
14.7928
14.7936
14.7944
14.7952
14.7959
14.7967
14.7974
14.7982
14.799
14.7998
14.8006
14.8014
14.8023
14.8031
14.8039
14.8048
14.8056
14.8065
14.8074
14.8083
14.8095
14.8108
14.8121
14.8132
14.8142
14.8151
14.8161
14.8173
14.8186
14.8198
14.821
14.8221
14.8232
14.8244
14.8255
14.8267
14.8278
14.829
14.8302
14.8313
14.8325
14.8337
14.8349
14.836
14.8372
14.8384
14.8396
14.8408
14.842
14.8432
14.8444
14.8457
14.847
14.8482
14.8495
14.8508
14.852
14.8532
14.8544
14.8556
14.8568
14.8581
14.8593
14.8605
14.8618
14.863
14.8642
14.8654
14.8665
14.8676
14.8687
14.8698
14.8709
14.872
14.8731
14.8742
14.8753
14.8764
14.8776
14.8787
14.8799
14.8811
14.8822
14.8834
14.8845
14.8857
14.887
14.8883
14.8897
14.891
14.8923
14.8936
14.8949
14.8962
14.8975
14.8989
14.9003
14.9018
14.9031
14.9045
14.9059
14.9074
14.9089
14.9104
14.9119
14.9134
14.9148
14.9162
14.9177
14.9191
14.9206
14.922
14.9235
14.9249
14.9263
14.9277
14.9291
14.9306
14.932
14.9334
14.9348
14.9362
14.9375
14.9389
14.9402
14.9416
14.9431
14.9445
14.946
14.9474
14.9489
14.9504
14.9518
14.9532
14.9547
14.9561
14.9576
14.9591
14.9605
14.962
14.9635
14.9651
14.9667
14.9683
14.9698
14.9714
14.9729
14.9744
14.976
14.9775
14.9789
14.9804
14.9819
14.9834
14.9849
14.9864
14.9879
14.9894
14.9909
14.9924
14.9939
14.9953
14.9968
14.9982
14.9997
15.0011
15.0025
15.0038
15.0051
15.0064
15.0077
15.009
15.0103
15.0115
15.0128
15.014
15.0151
15.0163
15.0175
15.0187
15.0198
15.0209
15.022
15.023
15.024
15.0251
15.0262
15.0273
15.0284
15.0295
15.0306
15.0317
15.0329
15.0341
15.0352
15.0364
15.0375
15.0387
15.0399
15.0411
15.0423
15.0435
15.0448
15.0461
15.0475
15.0489
15.0503
15.0517
15.0532
15.0548
15.0564
15.058
15.0597
15.0616
15.0636
15.0658
15.0682
15.0705
15.0728
15.0752
15.0777
15.0804
15.0832
15.0859
15.0884
15.0903
15.092
15.0935
15.0949
15.0963
15.0977
15.0991
15.1005
15.1019
15.1032
15.1045
15.1057
15.1069
15.1081
15.1093
15.1105
15.1117
15.1129
15.114
15.1152
15.1164
15.1176
15.1189
15.1203
15.1217
15.123
15.1244
15.1258
15.1272
15.1287
15.1303
15.1319
15.1337
15.1356
15.1377
15.1399
15.1425
15.1452
15.148
15.1507
15.1535
15.1563
15.1591
15.1619
15.1647
15.1675
15.1701
15.1725
15.1744
15.176
15.1774
15.1789
15.1802
15.1816
15.1828
15.184
15.1852
15.1865
15.1877
15.1889
15.1901
15.1912
15.1923
15.1935
15.1947
15.1958
15.1969
15.198
15.1991
15.2002
15.2013
15.2024
15.2034
15.2044
15.2055
15.2066
15.2077
15.2089
15.2101
15.2113
15.2125
15.2136
15.2147
15.2157
15.2167
15.2177
15.2187
15.2196
15.2204
15.2212
15.222
15.2229
15.2237
15.2246
15.2255
15.2265
15.2275
15.2286
15.2298
15.231
15.2322
15.2336
15.235
15.2365
15.2379
15.2394
15.241
15.2426
15.2443
15.2459
15.2477
15.2495
15.2513
15.2529
15.2543
15.2557
15.257
15.2585
15.2601
15.2618
15.2633
15.2649
15.2664
15.2679
15.2695
15.2711
15.2726
15.2739
15.2751
15.2762
15.2774
15.2785
15.2797
15.2809
15.2819
15.2828
15.2837
15.2845
15.2854
15.2863
15.2872
15.2881
15.2889
15.2898
15.2905
15.2912
15.2919
15.2926
15.2932
15.2938
15.2945
15.2951
15.2959
15.2967
15.2975
15.2983
15.2992
15.3
15.3008
15.3015
15.3021
15.3026
15.303
15.3035
15.3042
15.305
15.306
15.3069
15.3078
15.3087
15.3095
15.3103
15.3112
15.3123
15.3134
15.3145
15.3156
15.3165
15.3173
15.3179
15.3182
15.3184
15.3187
15.3192
15.32
15.3209
15.3218
15.3225
15.3232
15.3238
15.3244
15.3251
15.3258
15.3263
15.3265
15.3264
15.3262
15.3263
15.3269
15.3274
15.3278
15.3281
15.3284
15.3288
15.329
15.329
15.3289
15.3287
15.3285
15.3284
15.3284
15.3284
15.3283
15.3283
15.3284
15.3286
15.3286
15.3286
15.3284
15.3283
15.3281
15.328
15.328
15.3282
15.3284
15.3288
15.3291
15.3294
15.3298
15.3302
15.3307
15.3312
15.3317
15.3323
15.333
15.3337
15.3345
15.3353
15.3362
15.3373
15.3384
15.3397
15.341
15.3423
15.3437
15.3451
15.3465
15.3478
15.3489
15.3498
15.3507
15.3518
15.3532
15.3546
15.3559
15.3569
15.3578
15.3587
15.3597
15.3606
15.3616
15.3627
15.3639
15.365
15.3662
15.3673
15.3685
15.3696
15.3708
15.372
15.3732
15.3745
15.3759
15.3775
15.3791
15.3809
15.3827
15.3845
15.3864
15.3882
15.3899
15.3915
15.3931
15.3947
15.3963
15.3978
15.3993
15.4007
15.4021
15.4035
15.405
15.4064
15.408
15.4095
15.4111
15.4128
15.4144
15.4161
15.4178
15.4195
15.4213
15.4231
15.425
15.4269
15.4288
15.4307
15.4326
15.4346
15.4366
15.4386
15.4407
15.4429
15.4449
15.4468
15.4487
15.4506
15.4526
15.4545
15.4565
15.4584
15.4602
15.462
15.4638
15.4655
15.4674
15.4693
15.4712
15.4731
15.475
15.477
15.4789
15.4808
15.4827
15.4847
15.4866
15.4886
15.4907
15.4927
15.4947
15.4968
15.4988
15.5006
15.5024
15.504
15.5056
15.5071
15.5087
15.5102
15.5118
15.5134
15.515
15.5166
15.5182
15.5198
15.5214
15.523
15.5247
15.5263
15.528
15.5296
15.5312
15.5329
15.5346
15.5362
15.5379
15.5395
15.5411
15.5427
15.5442
15.5456
15.5468
15.548
15.5492
15.5502
15.5512
15.5521
15.5531
15.554
15.5548
15.5557
15.5567
15.5576
15.5586
15.5595
15.5605
15.5615
15.5626
15.5637
15.5649
15.566
15.5672
15.5682
15.5693
15.5704
15.5716
15.5727
15.5739
15.5752
15.5766
15.578
15.5794
15.5809
15.5823
15.5835
15.5847
15.5859
15.587
15.5882
15.5894
15.5908
15.5921
15.5933
15.5945
15.5956
15.5968
15.598
15.5992
15.6004
15.6017
15.6029
15.6042
15.6054
15.6066
15.6079
15.6091
15.6104
15.6117
15.613
15.6143
15.6157
15.617
15.6184
15.6198
15.6212
15.6225
15.6239
15.6252
15.6266
15.6281
15.6297
15.6313
15.633
15.6348
15.6366
15.6385
15.6404
15.6423
15.6443
15.6462
15.6482
15.6503
15.6523
15.6544
15.6565
15.6586
15.6609
15.6633
15.6656
15.668
15.6705
15.673
15.6755
15.6779
15.6803
15.6826
15.6848
15.6871
15.6893
15.6915
15.6936
15.6956
15.6976
15.6997
15.7017
15.7037
15.7056
15.7075
15.7094
15.7113
15.7132
15.715
15.7168
15.7186
15.7204
15.7221
15.7239
15.7256
15.7274
15.7292
15.731
15.7327
15.7345
15.7364
15.7383
15.7402
15.7422
15.7442
15.7463
15.7484
15.7505
15.7527
15.7549
15.7571
15.7592
15.7612
15.7631
15.765
15.7669
15.7687
15.7705
15.7722
15.7738
15.7754
15.777
15.7786
15.7802
15.7818
15.7834
15.7851
15.7869
15.7888
15.7908
15.7927
15.7946
15.7965
15.7984
15.8003
15.8022
15.8042
15.8061
15.808
15.8098
15.8117
15.8135
15.8153
15.8169
15.8185
15.82
15.8215
15.8231
15.8248
15.8264
15.8275
15.8285
15.8295
15.8307
15.832
15.8333
15.8346
15.8359
15.8373
15.8387
15.8401
15.8415
15.843
15.8445
15.846
15.8475
15.8489
15.8504
15.8519
15.8534
15.8549
15.8563
15.8577
15.8591
15.8606
15.8619
15.8633
15.8647
15.8661
15.8674
15.8688
15.8701
15.8714
15.8728
15.8741
15.8754
15.8767
15.8782
15.8796
15.8811
15.8826
15.8842
0
0
0
0
0
0
0
0
0
0
0
0
0
0
0
0
0
0
0
0
0
0
0
0
0
0
0
0
0
0
0
0
0
0
0
0
0
0
0
0
0
0
0
0
0
0
0
0
0
0
0
0
0
0
0
0
0
0
0
0
0
0
0
0
0
0
0
0
0
0
0
0
0
0
0
0
0
0
0
0
0
0
0
0
0
0
0
0
0
0
0
0
0
0
0
0
0
0
0
0
0
0
0
0
0
0
0
0
0
0
0
0
0
0
0
0
0
0
0
0
0
0
0
0
0
0
0
0
0
0
0
0
0
0
0
0
0
0
0
0
0
0
0
0
0
0
0
0
0
0
0
0
0
0
0
0
0
0
0
0
0
0
0
0
0
0
0
0
0
0
0
0
0
0
0
0
0
0
0
0
0
0
0
0
0
0
0
0
0
0
0
0
0
0
0
0
0
0
0
0
0
0
0
0
0
0
0
0
0
0
0
0
0
0
0
0
0
0
0
0
0
0
0
0
0
0
0
0
0
0
0
0
0
0
0
0
0
0
0
0
0
0
0
0
0
0
0
0
0
0
0
0
0
0
0
0
0
0
0
0
0
0
0
0
0
0
0
0
0
0
0
0
0
0
0
0
0
0
0
0
0
0
0
0
0
0
0
0
0
0
0
0
0
0
0
0
0
0
0
0
0
0
0
0
0
0
0
0
0
0
0
0
0
0
0
0
0
0
0
0
0
0
0
0
0
0
0
0
0
0
0
0
0
0
0
0
0
0
0
0
0
0
0
0
0
0
0
0
0
0
0
0
0
0
0
0
0
0
0
0
0
0
0
0
0
0
0
0
0
0
0
0
0
0
0
0
0
0
0
0
0
0
0
0
