0

1.0746e-019

7.50216e-019

2.02573e-018

3.92238e-018

6.42898e-018

9.53482e-018

1.32296e-017

1.75036e-017

2.23472e-017

2.77517e-017

3.37083e-017

4.0209e-017

4.7246e-017

5.4812e-017

6.28999e-017

7.15033e-017

8.06158e-017

9.02318e-017

1.00346e-016

1.10952e-016

1.22047e-016

1.33625e-016

1.45683e-016

1.58217e-016

1.71223e-016

1.84699e-016

1.98641e-016

2.13048e-016

2.27917e-016

2.43246e-016

2.59035e-016

2.75281e-016

2.91984e-016

3.09144e-016

3.2676e-016

3.44832e-016

3.63361e-016

3.82347e-016

4.01792e-016

4.21696e-016

4.42061e-016

4.62889e-016

4.84182e-016

5.05942e-016

5.28173e-016

5.50876e-016

5.74055e-016

5.97714e-016

6.21856e-016

6.46486e-016

6.71607e-016

6.97225e-016

7.23344e-016

7.4997e-016

7.77107e-016

8.04762e-016

8.32941e-016

8.61649e-016

8.90894e-016

9.20683e-016

9.51021e-016

9.81917e-016

1.01338e-015

1.04541e-015

1.07803e-015

1.11124e-015

1.14504e-015

1.17946e-015

1.21449e-015

1.25015e-015

1.28645e-015

1.32339e-015

1.361e-015

1.39927e-015

1.43822e-015

1.47787e-015

1.51821e-015

1.55928e-015

1.60107e-015

1.64361e-015

1.6869e-015

1.73096e-015

1.7758e-015

1.82143e-015

1.86788e-015

1.91515e-015

1.96327e-015

2.01224e-015

2.06208e-015

2.11281e-015

2.16445e-015

2.21701e-015

2.27051e-015

2.32496e-015

2.3804e-015

2.43683e-015

2.49427e-015

2.55275e-015

2.61228e-015

2.67289e-015

2.73459e-015

2.7974e-015

2.86135e-015

2.92647e-015

2.99276e-015

3.06027e-015

3.129e-015

3.19898e-015

3.27024e-015

3.34281e-015

3.4167e-015

3.49195e-015

3.56858e-015

3.64662e-015

3.72609e-015

3.80703e-015

3.88947e-015

3.97343e-015

4.05894e-015

4.14603e-015

4.23474e-015

4.3251e-015

4.41713e-015

4.51088e-015

4.60638e-015

4.70366e-015

4.80275e-015

4.9037e-015

5.00654e-015

5.1113e-015

5.21803e-015

5.32676e-015

5.43754e-015

5.5504e-015

5.66539e-015

5.78254e-015

5.9019e-015

6.02352e-015

6.14744e-015

6.2737e-015

6.40235e-015

6.53344e-015

6.66701e-015

6.80312e-015

6.94181e-015

7.08314e-015

7.22716e-015

7.37392e-015

7.52348e-015

7.67589e-015

7.8312e-015

7.98948e-015

8.15078e-015

8.31517e-015

8.4827e-015

8.65343e-015

8.82743e-015

9.00477e-015

9.1855e-015

9.36971e-015

9.55744e-015

9.74878e-015

9.9438e-015

1.01426e-014

1.03451e-014

1.05516e-014

1.07621e-014

1.09766e-014

1.11952e-014

1.14181e-014

1.16452e-014

1.18767e-014

1.21127e-014

1.23533e-014

1.25985e-014

1.28484e-014

1.31031e-014

1.33628e-014

1.36275e-014

1.38973e-014

1.41723e-014

1.44527e-014

1.47384e-014

1.50298e-014

1.53267e-014

1.56294e-014

1.5938e-014

1.62525e-014

1.65731e-014

1.69e-014

1.72332e-014

1.75728e-014

1.79191e-014

1.8272e-014

1.86318e-014

1.89986e-014

1.93726e-014

1.97537e-014

2.01423e-014

2.05384e-014

2.09423e-014

2.13539e-014

2.17736e-014

2.22015e-014

2.26376e-014

2.30822e-014

2.35355e-014

2.39976e-014

2.44687e-014

2.49489e-014

2.54385e-014

2.59376e-014

2.64464e-014

2.69652e-014

2.7494e-014

2.80331e-014

2.85827e-014

2.9143e-014

2.97143e-014

3.02966e-014

3.08903e-014

3.14956e-014

3.21126e-014

3.27417e-014

3.3383e-014

3.40368e-014

3.47034e-014

3.5383e-014

3.60758e-014

3.67821e-014

3.75021e-014

3.82362e-014

3.89846e-014

3.97476e-014

4.05255e-014

4.13186e-014

4.21271e-014

4.29513e-014

4.37917e-014

4.46484e-014

4.55218e-014

4.64123e-014

4.73202e-014

4.82457e-014

4.91893e-014

5.01513e-014

5.11321e-014

5.2132e-014

5.31514e-014

5.41908e-014

5.52503e-014

5.63306e-014

5.74319e-014

5.85548e-014

5.96995e-014

6.08666e-014

6.20564e-014

6.32695e-014

6.45062e-014

6.57671e-014

6.70526e-014

6.83631e-014

6.96993e-014

7.10615e-014

7.24503e-014

7.38662e-014

7.53098e-014

7.67815e-014

7.8282e-014

7.98117e-014

8.13713e-014

8.29614e-014

8.45825e-014

8.62352e-014

8.79202e-014

8.96381e-014

9.13896e-014

9.31752e-014

9.49957e-014

9.68517e-014

9.8744e-014

1.00673e-013

1.0264e-013

1.04645e-013

1.0669e-013

1.08774e-013

1.10899e-013

1.13066e-013

1.15275e-013

1.17527e-013

1.19823e-013

1.22163e-013

1.2455e-013

1.26983e-013

1.29464e-013

1.31993e-013

1.34571e-013

1.372e-013

1.3988e-013

1.42612e-013

1.45398e-013

1.48238e-013

1.51134e-013

1.54086e-013

1.57096e-013

1.60165e-013

1.63293e-013

1.66483e-013

1.69735e-013

1.7305e-013

1.76431e-013

1.79877e-013

1.8339e-013

1.86972e-013

1.90625e-013

1.94348e-013

1.98144e-013

2.02014e-013

2.0596e-013

2.09983e-013

2.14085e-013

2.18266e-013

2.2253e-013

2.26876e-013

2.31308e-013

2.35826e-013

2.40432e-013

2.45128e-013

2.49916e-013

2.54797e-013

2.59774e-013

2.64848e-013

2.70021e-013

2.75295e-013

2.80673e-013

2.86155e-013

2.91744e-013

2.97442e-013

3.03252e-013

3.09175e-013

3.15214e-013

3.21371e-013

3.27648e-013

3.34048e-013

3.40573e-013

3.47225e-013

3.54007e-013

3.60921e-013

3.67971e-013

3.75158e-013

3.82486e-013

3.89957e-013

3.97574e-013

4.05339e-013

4.13256e-013

4.21328e-013

4.29558e-013

4.37948e-013

4.46502e-013

4.55224e-013

4.64115e-013

4.73181e-013

4.82423e-013

4.91846e-013

5.01453e-013

5.11248e-013

5.21234e-013

5.31415e-013

5.41795e-013

5.52378e-013

5.63168e-013

5.74168e-013

5.85383e-013

5.96817e-013

6.08475e-013

6.2036e-013

6.32478e-013

6.44832e-013

6.57428e-013

6.70269e-013

6.83362e-013

6.9671e-013

7.10319e-013

7.24194e-013

7.3834e-013

7.52763e-013

7.67467e-013

7.82458e-013

7.97742e-013

8.13325e-013

8.29212e-013

8.4541e-013

8.61924e-013

8.7876e-013

8.95926e-013

9.13427e-013

9.3127e-013

9.49461e-013

9.68008e-013

9.86917e-013

1.0062e-012

1.02585e-012

1.04589e-012

1.06632e-012

1.08715e-012

1.10839e-012

1.13004e-012

1.15211e-012

1.17462e-012

1.19757e-012

1.22096e-012

1.24481e-012

1.26913e-012

1.29392e-012

1.3192e-012

1.34497e-012

1.37124e-012

1.39803e-012

1.42534e-012

1.45318e-012

1.48157e-012

1.51051e-012

1.54002e-012

1.57011e-012

1.60078e-012

1.63205e-012

1.66393e-012

1.69644e-012

1.72958e-012

1.76337e-012

1.79782e-012

1.83294e-012

1.86875e-012

1.90526e-012

1.94248e-012

1.98043e-012

2.01912e-012

2.05856e-012

2.09878e-012

2.13978e-012

2.18158e-012

2.2242e-012

2.26766e-012

2.31196e-012

2.35713e-012

2.40318e-012

2.45013e-012

2.498e-012

2.5468e-012

2.59656e-012

2.64729e-012

2.69901e-012

2.75174e-012

2.8055e-012

2.86031e-012

2.91619e-012

2.97317e-012

3.03126e-012

3.09048e-012

3.15086e-012

3.21242e-012

3.27518e-012

3.33917e-012

3.40441e-012

3.47093e-012

3.53874e-012

3.60788e-012

3.67837e-012

3.75024e-012

3.82352e-012

3.89822e-012

3.97439e-012

4.05204e-012

4.13121e-012

4.21193e-012

4.29423e-012

4.37813e-012

4.46367e-012

4.55089e-012

4.63981e-012

4.73047e-012

4.82289e-012

4.91713e-012

5.01321e-012

5.11116e-012

5.21103e-012

5.31285e-012

5.41666e-012

5.5225e-012

5.63041e-012

5.74043e-012

5.85259e-012

5.96695e-012

6.08355e-012

6.20242e-012

6.32362e-012

6.44718e-012

6.57316e-012

6.7016e-012

6.83256e-012

6.96607e-012

7.10219e-012

7.24097e-012

7.38246e-012

7.52672e-012

7.6738e-012

7.82376e-012

7.97664e-012

8.13251e-012

8.29143e-012

8.45346e-012

8.61865e-012

8.78707e-012

8.95878e-012

9.13385e-012

9.31234e-012

9.49432e-012

9.67986e-012

9.86902e-012

1.00619e-011

1.02585e-011

1.0459e-011

1.06634e-011

1.08718e-011

1.10842e-011

1.13008e-011

1.15217e-011

1.17468e-011

1.19764e-011

1.22105e-011

1.24491e-011

1.26924e-011

1.29404e-011

1.31933e-011

1.34512e-011

1.3714e-011

1.39821e-011

1.42553e-011

1.45339e-011

1.4818e-011

1.51076e-011

1.54028e-011

1.57038e-011

1.60108e-011

1.63237e-011

1.66427e-011

1.6968e-011

1.72996e-011

1.76377e-011

1.79824e-011

1.83339e-011

1.86922e-011

1.90575e-011

1.943e-011

1.98098e-011

2.01969e-011

2.05917e-011

2.09941e-011

2.14045e-011

2.18228e-011

2.22494e-011

2.26842e-011

2.31276e-011

2.35797e-011

2.40405e-011

2.45104e-011

2.49895e-011

2.54779e-011

2.59759e-011

2.64836e-011

2.70013e-011

2.75291e-011

2.80672e-011

2.86158e-011

2.91751e-011

2.97454e-011

3.03268e-011

3.09196e-011

3.1524e-011

3.21402e-011

3.27684e-011

3.34089e-011

3.4062e-011

3.47278e-011

3.54066e-011

3.60987e-011

3.68044e-011

3.75238e-011

3.82573e-011

3.90051e-011

3.97676e-011

4.0545e-011

4.13376e-011

4.21456e-011

4.29695e-011

4.38095e-011

4.46659e-011

4.5539e-011

4.64292e-011

4.73369e-011

4.82622e-011

4.92057e-011

5.01676e-011

5.11483e-011

5.21482e-011

5.31677e-011

5.4207e-011

5.52668e-011

5.63472e-011

5.74487e-011

5.85718e-011

5.97169e-011

6.08843e-011

6.20746e-011

6.32881e-011

6.45254e-011

6.57869e-011

6.7073e-011

6.83843e-011

6.97213e-011

7.10843e-011

7.24741e-011

7.3891e-011

7.53356e-011

7.68084e-011

7.83101e-011

7.98411e-011

8.14021e-011

8.29936e-011

8.46162e-011

8.62706e-011

8.79573e-011

8.96769e-011

9.14303e-011

9.32179e-011

9.50404e-011

9.68986e-011

9.87932e-011

1.00725e-010

1.02694e-010

1.04702e-010

1.06749e-010

1.08836e-010

1.10964e-010

1.13134e-010

1.15346e-010

1.17601e-010

1.19901e-010

1.22245e-010

1.24635e-010

1.27072e-010

1.29557e-010

1.3209e-010

1.34673e-010

1.37306e-010

1.39991e-010

1.42728e-010

1.45519e-010

1.48365e-010

1.51266e-010

1.54224e-010

1.57239e-010

1.60314e-010

1.63449e-010

1.66645e-010

1.69903e-010

1.73226e-010

1.76613e-010

1.80067e-010

1.83588e-010

1.87178e-010

1.90838e-010

1.9457e-010

1.98374e-010

2.02254e-010

2.06209e-010

2.10241e-010

2.14352e-010

2.18544e-010

2.22818e-010

2.27175e-010

2.31618e-010

2.36147e-010

2.40765e-010

2.45473e-010

2.50274e-010

2.55168e-010

2.60158e-010

2.65246e-010

2.70433e-010

2.75722e-010

2.81114e-010

2.86611e-010

2.92217e-010

2.97931e-010

3.03758e-010

3.09698e-010

3.15755e-010

3.2193e-010

3.28226e-010

3.34645e-010

3.4119e-010

3.47863e-010

3.54666e-010

3.61602e-010

3.68675e-010

3.75885e-010

3.83236e-010

3.90732e-010

3.98373e-010

4.06165e-010

4.14109e-010

4.22208e-010

4.30465e-010

4.38884e-010

4.47468e-010

4.5622e-010

4.65143e-010

4.7424e-010

4.83516e-010

4.92973e-010

5.02615e-010

5.12445e-010

5.22468e-010

5.32687e-010

5.43106e-010

5.53729e-010

5.64559e-010

5.75602e-010

5.8686e-010

5.98339e-010

6.10042e-010

6.21974e-010

6.3414e-010

6.46543e-010

6.5919e-010

6.72083e-010

6.85229e-010

6.98632e-010

7.12298e-010

7.2623e-010

7.40436e-010

7.54919e-010

7.69685e-010

7.84741e-010

8.00091e-010

8.15741e-010

8.31698e-010

8.47966e-010

8.64553e-010

8.81465e-010

8.98707e-010

9.16287e-010

9.34211e-010

9.52485e-010

9.71117e-010

9.90113e-010

1.00948e-009

1.02923e-009

1.04936e-009

1.06989e-009

1.09082e-009

1.11216e-009

1.13391e-009

1.15609e-009

1.17871e-009

1.20177e-009

1.22528e-009

1.24925e-009

1.27368e-009

1.2986e-009

1.324e-009

1.34991e-009

1.37631e-009

1.40324e-009

1.43069e-009

1.45868e-009

1.48721e-009

1.51631e-009

1.54597e-009

1.57622e-009

1.60705e-009

1.63849e-009

1.67054e-009

1.70323e-009

1.73655e-009

1.77052e-009

1.80516e-009

1.84047e-009

1.87648e-009

1.91319e-009

1.95062e-009

1.98878e-009

2.02769e-009

2.06736e-009

2.10781e-009

2.14904e-009

2.19109e-009

2.23396e-009

2.27766e-009

2.32222e-009

2.36766e-009

2.41398e-009

2.46121e-009

2.50936e-009

2.55845e-009

2.60851e-009

2.65955e-009

2.71158e-009

2.76463e-009

2.81872e-009

2.87387e-009

2.9301e-009

2.98743e-009

3.04588e-009

3.10547e-009

3.16623e-009

3.22818e-009

3.29134e-009

3.35574e-009

3.42139e-009

3.48834e-009

3.55659e-009

3.62618e-009

3.69713e-009

3.76946e-009

3.84322e-009

3.91841e-009

3.99508e-009

4.07325e-009

4.15295e-009

4.23421e-009

4.31706e-009

4.40153e-009

4.48765e-009

4.57546e-009

4.66498e-009

4.75626e-009

4.84932e-009

4.94421e-009

5.04095e-009

5.13959e-009

5.24015e-009

5.34269e-009

5.44723e-009

5.55382e-009

5.66249e-009

5.77329e-009

5.88625e-009

6.00143e-009

6.11887e-009

6.2386e-009

6.36067e-009

6.48513e-009

6.61203e-009

6.74141e-009

6.87333e-009

7.00782e-009

7.14495e-009

7.28476e-009

7.42731e-009

7.57264e-009

7.72083e-009

7.87191e-009

8.02595e-009

8.183e-009

8.34313e-009

8.50639e-009

8.67284e-009

8.84255e-009

9.01559e-009

9.19201e-009

9.37188e-009

9.55528e-009

9.74226e-009

9.9329e-009

1.01273e-008

1.03255e-008

1.05275e-008

1.07335e-008

1.09436e-008

1.11577e-008

1.13761e-008

1.15987e-008

1.18257e-008

1.20571e-008

1.2293e-008

1.25336e-008

1.27789e-008

1.30289e-008

1.32839e-008

1.35438e-008

1.38089e-008

1.40791e-008

1.43546e-008

1.46356e-008

1.4922e-008

1.5214e-008

1.55117e-008

1.58153e-008

1.61248e-008

1.64403e-008

1.67621e-008

1.70901e-008

1.74245e-008

1.77655e-008

1.81132e-008

1.84677e-008

1.88291e-008

1.91976e-008

1.95733e-008

1.99563e-008

2.03469e-008

2.07451e-008

2.11511e-008

2.1565e-008

2.1987e-008

2.24173e-008

2.2856e-008

2.33033e-008

2.37594e-008

2.42244e-008

2.46985e-008

2.51818e-008

2.56747e-008

2.61771e-008

2.66894e-008

2.72118e-008

2.77443e-008

2.82873e-008

2.88409e-008

2.94053e-008

2.99808e-008

3.05676e-008

3.11658e-008

3.17757e-008

3.23976e-008

3.30317e-008

3.36781e-008

3.43373e-008

3.50093e-008

3.56945e-008

3.6393e-008

3.71053e-008

3.78315e-008

3.85719e-008

3.93268e-008

4.00965e-008

4.08812e-008

4.16813e-008

4.24971e-008

4.33288e-008

4.41768e-008

4.50414e-008

4.59229e-008

4.68217e-008

4.77381e-008

4.86724e-008

4.9625e-008

5.05962e-008

5.15865e-008

5.25961e-008

5.36255e-008

5.46751e-008

5.57451e-008

5.68362e-008

5.79486e-008

5.90827e-008

6.02391e-008

6.14181e-008

6.26201e-008

6.38457e-008

6.50953e-008

6.63694e-008

6.76683e-008

6.89927e-008

7.03431e-008

7.17198e-008

7.31235e-008

7.45547e-008

7.60139e-008

7.75016e-008

7.90185e-008

8.05651e-008

8.21419e-008

8.37496e-008

8.53888e-008

8.706e-008

8.8764e-008

9.05013e-008

9.22726e-008

9.40786e-008

9.59199e-008

9.77973e-008

9.97114e-008

1.01663e-007

1.03653e-007

1.05682e-007

1.0775e-007

1.09859e-007

1.12009e-007

1.14201e-007

1.16437e-007

1.18716e-007

1.21039e-007

1.23408e-007

1.25824e-007

1.28286e-007

1.30797e-007

1.33357e-007

1.35967e-007

1.38629e-007

1.41342e-007

1.44108e-007

1.46929e-007

1.49805e-007

1.52737e-007

1.55726e-007

1.58774e-007

1.61882e-007

1.6505e-007

1.68281e-007

1.71575e-007

1.74933e-007

1.78357e-007

1.81848e-007

1.85407e-007

1.89036e-007

1.92736e-007

1.96508e-007

2.00355e-007

2.04276e-007

2.08274e-007

2.12351e-007

2.16507e-007

2.20745e-007

2.25066e-007

2.29471e-007

2.33962e-007

2.38541e-007

2.4321e-007

2.47971e-007

2.52824e-007

2.57773e-007

2.62818e-007

2.67962e-007

2.73207e-007

2.78555e-007

2.84007e-007

2.89566e-007

2.95233e-007

3.01012e-007

3.06904e-007

3.12911e-007

3.19035e-007

3.2528e-007

3.31647e-007

3.38138e-007

3.44756e-007

3.51504e-007

3.58384e-007

3.65399e-007

3.72551e-007

3.79843e-007

3.87278e-007

3.94858e-007

4.02587e-007

4.10467e-007

4.18501e-007

4.26692e-007

4.35044e-007

4.43559e-007

4.52241e-007

4.61093e-007

4.70118e-007

4.7932e-007

4.88701e-007

4.98267e-007

5.08019e-007

5.17963e-007

5.28101e-007

5.38438e-007

5.48977e-007

5.59722e-007

5.70678e-007

5.81848e-007

5.93236e-007

6.04848e-007

6.16687e-007

6.28757e-007

6.41064e-007

6.53612e-007

6.66405e-007

6.79449e-007

6.92748e-007

7.06307e-007

7.20132e-007

7.34227e-007

7.48598e-007

7.63251e-007

7.7819e-007

7.93422e-007

8.08952e-007

8.24786e-007

8.40929e-007

8.57389e-007

8.74171e-007

8.91281e-007

9.08727e-007

9.26514e-007

9.44648e-007

9.63138e-007

9.8199e-007

1.00121e-006

1.02081e-006

1.04079e-006

1.06116e-006

1.08193e-006

1.10311e-006

1.1247e-006

1.14671e-006

1.16916e-006

1.19204e-006

1.21537e-006

1.23916e-006

1.26342e-006

1.28815e-006

1.31336e-006

1.33907e-006

1.36528e-006

1.392e-006

1.41925e-006

1.44702e-006

1.47535e-006

1.50423e-006

1.53367e-006

1.56369e-006

1.59429e-006

1.6255e-006

1.65732e-006

1.68975e-006

1.72283e-006

1.75655e-006

1.79093e-006

1.82599e-006

1.86173e-006

1.89817e-006

1.93532e-006

1.9732e-006

2.01182e-006

2.0512e-006

2.09135e-006

2.13228e-006

2.17402e-006

2.21657e-006

2.25996e-006

2.30419e-006

2.34929e-006

2.39528e-006

2.44216e-006

2.48996e-006

2.5387e-006

2.58839e-006

2.63905e-006

2.69071e-006

2.74337e-006

2.79707e-006

2.85182e-006

2.90763e-006

2.96455e-006

3.02257e-006

3.08173e-006

3.14205e-006

3.20355e-006

3.26626e-006

3.33019e-006

3.39537e-006

3.46183e-006

3.52959e-006

3.59867e-006

3.66911e-006

3.74093e-006

3.81415e-006

3.88881e-006

3.96492e-006

4.04253e-006

4.12165e-006

4.20233e-006

4.28458e-006

4.36844e-006

4.45395e-006

4.54113e-006

4.63001e-006

4.72064e-006

4.81303e-006

4.90724e-006

5.00329e-006

5.10122e-006

5.20107e-006

5.30287e-006

5.40666e-006

5.51249e-006

5.62039e-006

5.7304e-006

5.84256e-006

5.95692e-006

6.07351e-006

6.19239e-006

6.31359e-006

6.43717e-006

6.56317e-006

6.69163e-006

6.82261e-006

6.95615e-006

7.0923e-006

7.23112e-006

7.37266e-006

7.51696e-006

7.66409e-006

7.81411e-006

7.96705e-006

8.12299e-006

8.28199e-006

8.44409e-006

8.60937e-006

8.77788e-006

8.94969e-006

9.12487e-006

9.30347e-006

9.48557e-006

9.67123e-006

9.86053e-006

1.00535e-005

1.02503e-005

1.04509e-005

1.06555e-005

1.08641e-005

1.10767e-005

1.12935e-005

1.15146e-005

1.17399e-005

1.19697e-005

1.2204e-005

1.24429e-005

1.26864e-005

1.29347e-005

1.31879e-005

1.3446e-005

1.37092e-005

1.39776e-005

1.42511e-005

1.45301e-005

1.48145e-005

1.51045e-005

1.54001e-005

1.57015e-005

1.60088e-005

1.63222e-005

1.66417e-005

1.69674e-005

1.72995e-005

1.76381e-005

1.79833e-005

1.83353e-005

1.86942e-005

1.90601e-005

1.94332e-005

1.98135e-005

2.02014e-005

2.05968e-005

2.09999e-005

2.14109e-005

2.183e-005

2.22573e-005

2.26929e-005

2.31371e-005

2.359e-005

2.40517e-005

2.45225e-005

2.50025e-005

2.54918e-005

2.59908e-005

2.64995e-005

2.70182e-005

2.7547e-005

2.80862e-005

2.86359e-005

2.91964e-005

2.97679e-005

3.03505e-005

3.09446e-005

3.15503e-005

3.21678e-005

3.27974e-005

3.34394e-005

3.40939e-005

3.47612e-005

3.54416e-005

3.61353e-005

3.68426e-005

3.75637e-005

3.82989e-005

3.90485e-005

3.98128e-005

4.05921e-005

4.13866e-005

4.21967e-005

4.30226e-005

4.38647e-005

4.47232e-005

4.55986e-005

4.64911e-005

4.74011e-005

4.83288e-005

4.92748e-005

5.02392e-005

5.12226e-005

5.22251e-005

5.32474e-005

5.42896e-005

5.53522e-005

5.64356e-005

5.75402e-005

5.86664e-005

5.98147e-005

6.09855e-005

6.21791e-005

6.33962e-005

6.4637e-005

6.59022e-005

6.71921e-005

6.85072e-005

6.98481e-005

7.12152e-005

7.26091e-005

7.40303e-005

7.54793e-005

7.69567e-005

7.84629e-005

7.99987e-005

8.15645e-005

8.3161e-005

8.47887e-005

8.64483e-005

8.81403e-005

8.98655e-005

9.16244e-005

9.34178e-005

9.52463e-005

9.71105e-005

9.90113e-005

0.000100949

0.000102925

0.00010494

0.000106994

0.000109088

0.000111223

0.0001134

0.00011562

0.000117883

0.00012019

0.000122542

0.000124941

0.000127386

0.00012988

0.000132422

0.000135014

0.000137657

0.000140351

0.000143098

0.000145899

0.000148755

0.000151666

0.000154635

0.000157662

0.000160747

0.000163894

0.000167102

0.000170372

0.000173707

0.000177107

0.000180574

0.000184108

0.000187712

0.000191386

0.000195132

0.000198951

0.000202846

0.000206816

0.000210864

0.000214991

0.000219199

0.00022349

0.000227864

0.000232324

0.000236872

0.000241508

0.000246235

0.000251055

0.000255969

0.000260979

0.000266088

0.000271296

0.000276606

0.00028202

0.00028754

0.000293169

0.000298907

0.000304758

0.000310723

0.000316805

0.000323006

0.000329328

0.000335775

0.000342347

0.000349048

0.00035588

0.000362846

0.000369949

0.00037719

0.000384573

0.000392101

0.000399776

0.000407601

0.000415579

0.000423714

0.000432007

0.000440464

0.000449085

0.000457876

0.000466838

0.000475976

0.000485293

0.000494792

0.000504478

0.000514352

0.00052442

0.000534686

0.000545152

0.000555823

0.000566703

0.000577796

0.000589106

0.000600637

0.000612394

0.000624382

0.000636604

0.000649065

0.00066177

0.000674724

0.000687932

0.000701398

0.000715128

0.000729126

0.000743399

0.000757951

0.000772788

0.000787915

0.000803338

0.000819064

0.000835097

0.000851444

0.000868112

0.000885105

0.000902431

0.000920097

0.000938108

0.000956472

0.000975195

0.000994285

0.00101375

0.00103359

0.00105383

0.00107446

0.00109549

0.00111693

0.0011388

0.00116109

0.00118382

0.001207

0.00123062

0.00125471

0.00127928

0.00130432

0.00132985

0.00135589

0.00138243

0.00140949

0.00143709

0.00146522

0.0014939

0.00152315

0.00155297

0.00158337

0.00161437

0.00164597

0.00167819

0.00171105

0.00174454

0.0017787

0.00181352

0.00184902

0.00188522

0.00192213

0.00195976

0.00199812

0.00203724

0.00207713

0.00211779

0.00215925

0.00220153

0.00224463

0.00228857

0.00233338

0.00237906

0.00242564

0.00247312

0.00252154

0.00257091

0.00262124

0.00267256

0.00272489

0.00277824

0.00283263

0.00288809

0.00294463

0.00300229

0.00306107

0.003121

0.0031821

0.00324441

0.00330793

0.0033727

0.00343873

0.00350606

0.0035747

0.00364469

0.00371606

0.00378881

0.003863

0.00393863

0.00401575

0.00409438

0.00417455

0.00425629

0.00433962

0.00442459

0.00451123

0.00459956

0.00468962

0.00478145

0.00487507

0.00497053

0.00506785

0.00516709

0.00526826

0.00537142

0.0054766

0.00558384

0.00569318

0.00580466

0.00591832

0.00603421

0.00615237

0.00627284

0.00639568

0.00652091

0.00664861

0.0067788

0.00691154

0.00704689

0.00718488

0.00732558

0.00746903

0.0076153

0.00776442

0.00791647

0.0080715

0.00822956

0.00839072

0.00855504

0.00872258

0.0088934

0.00906756

0.00924513

0.00942619

0.00961079

0.009799

0.00999091

0.0101866

0.0103861

0.0105895

0.0107969

0.0110083

0.0112239

0.0114437

0.0116678

0.0118964

0.0121293

0.0123669

0.0126091

0.0128561

0.0131079

0.0133646

0.0136263

0.0138932

0.0141653

0.0144428

0.0147256

0.0150141

0.0153081

0.015608

0.0159137

0.0162254

0.0165432

0.0168672

0.0171976

0.0175344

0.0178779

0.0182281

0.0185851

0.0189491

0.0193203

0.0196988

0.0200846

0.020478

0.0208792

0.0212882

0.0217052

0.0221303

0.0225638

0.0230058

0.0234565

0.023916

0.0243845

0.0248621

0.0253492

0.0258458

0.0263521

0.0268683

0.0273946

0.0279313

0.0284785

0.0290364

0.0296052

0.0301852

0.0307766

0.0313795

0.0319942

0.032621

0.0332601

0.0339117

0.0345761

0.0352535

0.0359442

0.0366484

0.0373664

0.0380985

0.038845

0.039606

0.040382

0.0411732

0.0419799

0.0428024

0.043641

0.0444961

0.0453679

0.0462568

0.0471632

0.0480873

0.0490295

0.0499902

0.0509697

0.0519684

0.0529867

0.054025

0.0550836

0.0561629

0.0572635

0.0583855

0.0595296

0.0606961

0.0618855

0.0630982

0.0643347

0.0655954

0.0668808

0.0681914

0.0695277

0.0708902

0.0722795

0.0736959

0.0751401

0.0766127

0.0781141

0.0796449

0.0812058

0.0827972

0.0844199

0.0860744

0.0877613

0.0894812

0.0912349

0.093023

0.0948462

0.0967051

0.0986004

0.100533

0.102503

0.104512

0.106561

0.108649

0.110779

0.11295

0.115164

0.117421

0.119723

0.12207

0.124462

0.126902

0.129389

0.131925

0.134511

0.137148

0.139836

0.142578

0.145372

0.148222

0.151128

0.15409

0.157111

0.160191

0.163331

0.166533

0.169797

0.173126

0.17652

0.17998

0.183509

0.187106

0.190774

0.194515

0.198328

0.202216

0.206181

0.210223

0.214344

0.218547

0.222832

0.2272

0.231655

0.236197

0.240828

0.24555

0.250364

0.255273

0.260278

0.265382

0.270585

0.275891

0.2813

0.286816

0.29244

0.298174

0.304021

0.309982

0.316061

0.322258

0.328578

0.335021

0.34159

0.348289

0.355119

0.362083

0.369183

0.376423

0.383805

0.391331

0.399006

0.406831

0.414809

0.422944

0.431239

0.439696

0.448319

0.457112

0.466077

0.475218

0.484538

0.494041

0.50373

0.51361

0.523684

0.533955

0.544428

0.555106

0.565994

0.577095

0.588414

0.599956

0.611724

0.623723

0.635957

0.648431

0.66115

0.674119

0.687342

0.700825

0.714572

0.728589

0.742881

0.757453

0.772311

0.78746

0.802905

0.818653

0.83471

0.85108

0.867771

0.884787

0.902135

0.919822

0.937853

0.956234

0.974973

0.994075

1.01355

1.0334

1.05363

1.07425

1.09527

1.11669

1.13852

1.16077

1.18344

1.20654

1.23008

1.25407

1.2785

1.3034

1.32876

1.35459

1.3809

1.4077

1.43499

1.46279

1.49109

1.51991

1.54925

1.57912

1.60952

1.64047

1.67197

1.70403

1.73665

1.76984

1.80361

1.83796

1.87291

1.90846

1.94461

1.98137

2.01875

2.05675

2.09539

2.13467

2.17458

2.21515

2.25638

2.29827

2.34082

2.38406

2.42797

2.47257

2.51786

2.56384

2.61053

2.65793

2.70604

2.75488

2.80443

2.85471

2.90573

2.95748

3.00998

3.06322

3.11722

3.17197

3.22748

3.28375

3.34079

3.3986

3.45719

3.51655

3.5767

3.63763

3.69934

3.76185

3.82514

3.88923

3.95412

4.01981

4.0863

4.15359

4.22169

4.29059

4.36031

4.43083

4.50216

4.5743

4.64725

4.72101

4.79559

4.87098

4.94718

5.02419

5.10202

5.18066

5.2601

5.34036

5.42143

5.50331

5.58599

5.66948

5.75377

5.83886

5.92476

6.01145

6.09893

6.18721

6.27628

6.36614

6.45677

6.54819

6.64039

6.73336

6.8271

6.92161

7.01688

7.1129

7.20968

7.30721

7.40548

7.5045

7.60424

7.70472

7.80592

7.90783

8.01046

8.1138

8.21783

8.32256

8.42798

8.53408

8.64085

8.7483

8.8564

8.96516

9.07456

9.18461

9.29529

9.40659

9.51851

9.63104

9.74417

9.85789

9.9722

10.0871

10.2025

10.3185

10.4351

10.5522

10.6698

10.788

10.9067

11.0259

11.1455

11.2657

11.3863

11.5074

11.629

11.751

11.8735

11.9963

12.1196

12.2433

12.3674

12.4919

12.6168

12.742

12.8676

12.9935

13.1197

13.2463

13.3732

13.5004

13.6279

13.7557

13.8837

14.012

14.1405

14.2693

14.3983

14.5275

14.6569

14.7865

14.9163

15.0462

15.1763

15.3065

15.4369

15.5674

15.698

15.8288

15.9596

16.0904

16.2214

16.3524

16.4834

16.6145

16.7456

16.8767

17.0078

17.1389

17.27

17.401

17.532

17.6629

17.7938

17.9246

18.0553

18.1859

18.3164

18.4467

18.577

18.707

18.837

18.9667

19.0963

19.2258

19.355

19.484

19.6128

19.7414

19.8697

19.9978

20.1256

20.2532

20.3805

20.5075

20.6343

20.7607

20.8868

21.0126

21.1381

21.2632

21.388

21.5125

21.6365

21.7603

21.8836

22.0065

22.1291

22.2512

22.373

22.4943

22.6152

22.7357

22.8557

22.9753

23.0944

23.2131

23.3313

23.4491

23.5663

23.6831

23.7994

23.9152

24.0305

24.1453

24.2596

24.3734

24.4866

24.5994

24.7116

24.8232

24.9343

25.0449

25.155

25.2645

25.3734

25.4818

25.5896

25.6969

25.8036

25.9097

26.0153

26.1203

26.2247

26.3285

26.4318

26.5345

26.6366

26.7381

26.8391

26.9394

27.0392

27.1384

27.237

27.335

27.4324

27.5293

27.6255

27.7212

27.8163

27.9108

28.0048

28.0981

28.1909

28.2831

28.3747

28.4658

28.5562

28.6461

28.7355

28.8243

28.9125

29.0001

29.0872

29.1738

29.2598

29.3452

29.4302

29.5145

29.5984

29.6817

29.7645

29.8468

29.9285

30.0097

30.0905

30.1707

30.2505

30.3297

30.4085

30.4868

30.5646

30.6419

30.7188

30.7952

30.8712

30.9467

31.0218

31.0965

31.1707

31.2445

31.318

31.391

31.4636

31.5358

31.6077

31.6791

31.7502

31.821

31.8914

31.9614

32.0312

32.1005

32.1696

32.2384

32.3068

32.375

32.4429

32.5105

32.5778

32.6449

32.7117

32.7783

32.8446

32.9107

32.9766

33.0423

33.1078

33.1731

33.2382

33.3031

33.3679

33.4325

33.497

33.5613

33.6255

33.6896

33.7536

33.8175

33.8813

33.945

34.0087

34.0723

34.1358

34.1993

34.2628

34.3262

34.3897

34.4531

34.5165

34.58

34.6434

34.707

34.7705

34.8341

34.8978

34.9616

35.0254

35.0893

35.1534

35.2175

35.2818

35.3462

35.4108

35.4755

35.5404

35.6054

35.6707

35.7361

35.8017

35.8676

35.9337

36

36.0666

36.1335

36.2006

36.268

36.3357

36.4037

36.4721

36.5407

36.6097

36.6791

36.7488

36.8189

36.8893

36.9602

37.0315

37.1032

37.1753

37.2479

37.321

37.3945

37.4685

37.543

37.618

37.6935

37.7695

37.8461

37.9232

38.0009

38.0792

38.158

38.2375

38.3176

38.3983

38.4796

38.5615

38.6442

38.7275

38.8114

38.8961

38.9814

39.0675

39.1543

39.2418

39.3301

39.4191

39.5089

39.5995

39.6908

39.7829

39.8759

39.9696

40.0642

40.1596

40.2558

40.3529

40.4509

40.5497

40.6493

40.7499

40.8513

40.9537

41.0569

41.161

41.2661

41.3721

41.479

41.5868

41.6956

41.8053

41.916

42.0276

42.1402

42.2537

42.3682

42.4837

42.6001

42.7175

42.8359

42.9553

43.0756

43.197

43.3193

43.4426

43.5669

43.6922

43.8185

43.9458

44.074

44.2033

44.3335

44.4647

44.5969

44.7301

44.8643

44.9994

45.1355

45.2726

45.4106

45.5497

45.6896

45.8306

45.9724

46.1153

46.259

46.4037

46.5493

46.6959

46.8433

46.9917

47.141

47.2911

47.4422

47.5941

47.7469

47.9005

48.055

48.2103

48.3665

48.5235

48.6813

48.8399

48.9993

49.1594

49.3203

49.482

49.6444

49.8076

49.9715

50.1361

50.3013

50.4673

50.6339

50.8012

50.9691

51.1376

51.3068

51.4765

51.6468

51.8177

51.9891

52.1611

52.3336

52.5066

52.6801

52.854

53.0285

53.2033

53.3786

53.5543

53.7303

53.9068

54.0836

54.2607

54.4382

54.616

54.794

54.9723

55.1509

55.3297

55.5087

55.6879

55.8673

56.0469

56.2266

56.4064

56.5863

56.7663

56.9464

57.1265

57.3067

57.4869

57.6671

57.8472

58.0273

58.2074

58.3873

58.5672

58.747

58.9266

59.106

59.2853

59.4644

59.6434

59.822

60.0005

60.1786

60.3565

60.5341

60.7114

60.8884

61.065

61.2412

61.4171

61.5925

61.7675

61.9421

62.1163

62.29

62.4632

62.6359

62.8081

62.9797

63.1508

63.3214

63.4913

63.6607

63.8294

63.9976

64.1651

64.3319

64.4981

64.6636

64.8284

64.9925

65.1559

65.3186

65.4805

65.6417

65.802

65.9616

66.1205

66.2785

66.4357

66.592

66.7476

66.9022

67.0561

67.209

67.3611

67.5123

67.6626

67.812

67.9605

68.1081

68.2548

68.4005

68.5452

68.6891

68.832

68.9739

69.1148

69.2548

69.3938

69.5319

69.6689

69.805

69.94

70.0741

70.2071

70.3392

70.4702

70.6003

70.7293

70.8574

70.9844

71.1104

71.2353

71.3593

71.4822

71.6042

71.7251

71.845

71.9639

72.0817

72.1986

72.3144

72.4293

72.5431

72.656

72.7678

72.8786

72.9885

73.0973

73.2052

73.3121

73.418

73.523

73.6269

73.73

73.832

73.9331

74.0333

74.1325

74.2308

74.3282

74.4247

74.5202

74.6148

74.7086

74.8015

74.8934

74.9845

75.0748

75.1642

75.2527

75.3404

75.4273

75.5133

75.5985

75.683

75.7666

75.8495

75.9315

76.0128

76.0934

76.1732

76.2523

76.3306

76.4082

76.4852

76.5614

76.6369

76.7118

76.786

76.8595

76.9324

77.0047

77.0763

77.1473

77.2177

77.2875

77.3567

77.4254

77.4935

77.561

77.628

77.6944

77.7603

77.8257

77.8906

77.955

78.0189

78.0824

78.1453

78.2078

78.2699

78.3315

78.3927

78.4535

78.5138

78.5737

78.6333

78.6924

78.7512

78.8096

78.8676

78.9252

78.9826

79.0395

79.0962

79.1525

79.2085

79.2641

79.3195

79.3746

79.4293

79.4838

79.538

79.5919

79.6456

79.699

79.7521

79.805

79.8576

79.91

79.9622

80.0142

80.0659

80.1174

80.1687

80.2198

80.2706

80.3213

80.3718

80.4221

80.4723

80.5222

80.572

80.6216

80.6711

80.7204

80.7695

80.8185

80.8673

80.916

80.9646

81.013

81.0613

81.1095

81.1575

81.2055

81.2533

81.301

81.3486

81.3961

81.4435

81.4908

81.5381

81.5852

81.6322

81.6792

81.7261

81.7729

81.8196

81.8662

81.9128

81.9594

82.0058

82.0523

82.0986

82.1449

82.1912

82.2374

82.2835

82.3297

82.3757

82.4218

82.4678

82.5138

82.5597

82.6057

82.6516

82.6975

82.7433

82.7892

82.835

82.8808

82.9266

82.9724

83.0182

83.064

83.1098

83.1556

83.2013

83.2471

83.2929

83.3387

83.3845

83.4303

83.4762

83.522

83.5679

83.6137

83.6596

83.7056

83.7515

83.7974

83.8434

83.8894

83.9355

83.9815

84.0276

84.0738

84.1199

84.1661

84.2123

84.2586

84.3049

84.3512

84.3976

84.444

84.4905

84.537

84.5835

84.6301

84.6767

84.7234

84.7702

84.8169

84.8637

84.9106

84.9575

85.0045

85.0515

85.0986

85.1457

85.1929

85.2402

85.2874

85.3348

85.3822

85.4296

85.4771

85.5247

85.5723

85.62

85.6678

85.7156

85.7634

85.8113

85.8593

85.9073

85.9554

86.0036

86.0518

86.1001

86.1484

86.1968

86.2453

86.2938

86.3424

86.391

86.4397

86.4885

86.5373

86.5862

86.6351

86.6841

86.7332

86.7823

86.8315

86.8807

86.93

86.9793

87.0288

87.0782

87.1278

87.1774

87.227

87.2767

87.3265

87.3763

87.4262

87.4761

87.5261

87.5762

87.6263

87.6764

87.7267

87.7769

87.8272

87.8776

87.928

87.9785

88.0291

88.0796

88.1303

88.1809

88.2317

88.2825

88.3333

88.3842

88.4351

88.486

88.5371

88.5881

88.6392

88.6904

88.7415

88.7928

88.8441

88.8954

88.9467

88.9981

89.0496

89.101

89.1525

89.2041

89.2557

89.3073

89.3589

89.4106

89.4623

89.5141

89.5659

89.6177

89.6695

89.7214

89.7733

89.8252

89.8772

89.9292

89.9812

90.0332

90.0853

90.1374

90.1895

90.2416

90.2937

90.3459

90.3981

90.4503

90.5025

90.5547

90.607

90.6593

90.7116

90.7639

90.8162

90.8685

90.9208

90.9732

91.0255

91.0779

91.1303

91.1827

91.2351

91.2875

91.3399

91.3923

91.4447

91.4971

91.5495

91.602

91.6544

91.7068

91.7592

91.8117

91.8641

91.9165

91.9689

92.0213

92.0738

92.1262

92.1786

92.231

92.2834

92.3358

92.3882

92.4405

92.4929

92.5453

92.5976

92.65

92.7023

92.7546

92.8069

92.8592

92.9115

92.9638

93.0161

93.0683

93.1206

93.1728

93.225

93.2772

93.3294

93.3816

93.4337

93.4859

93.538

93.5901

93.6422

93.6943

93.7463

93.7984

93.8504

93.9024

93.9544

94.0064

94.0583

94.1103

94.1622

94.2141

94.266

94.3178

94.3697

94.4215

94.4733

94.5251

94.5769

94.6287

94.6804

94.7321

94.7839

94.8355

94.8872

94.9389

94.9905

95.0422

95.0938

95.1454

95.1969

95.2485

95.3001

95.3516

95.4031

95.4546

95.5061

95.5576

95.609

95.6605

95.7119

95.7634

95.8148

95.8662

95.9176

95.969

96.0204

96.0717

96.1231

96.1745

96.2258

96.2772

96.3285

96.3798

96.4312

96.4825

96.5338

96.5852

96.6365

96.6878

96.7391

96.7905

96.8418

96.8931

96.9445

96.9958

97.0472

97.0985

97.1499

97.2013

97.2527

97.3041

97.3555

97.4069

97.4584

97.5098

97.5613

97.6128

97.6643

97.7158

97.7674

97.819

97.8706

97.9222

97.9738

98.0255

98.0772

98.129

98.1808

98.2326

98.2844

98.3363

98.3882

98.4402

98.4922

98.5442

98.5963

98.6485

98.7006

98.7529

98.8052

98.8575

98.9099

98.9623

99.0149

99.0674

99.1201

99.1727

99.2255

99.2783

99.3312

99.3842

99.4372

99.4903

99.5435

99.5968

99.6502

99.7036

99.7571

99.8108

99.8645

99.9183

99.9722

100.026

100.08

100.134

100.189

100.243

100.298

100.352

100.407

100.462

100.517

100.572

100.627

100.683

100.738

100.794

100.849

100.905

100.961

101.018

101.074

101.131

101.187

101.244

101.301

101.358

101.416

101.473

101.531

101.589

101.647

101.705

101.763

101.822

101.881

101.94

101.999

102.058

102.118

102.178

102.238

102.298

102.359

102.42

102.481

102.542

102.604

102.666

102.728

102.79

102.852

102.915

102.978

103.042

103.105

103.169

103.233

103.298

103.363

103.428

103.493

103.559

103.625

103.691

103.758

103.825

103.892

103.96

104.028

104.096

104.165

104.234

104.303

104.373

104.443

104.513

104.584

104.655

104.726

104.798

104.87

104.943

105.016

105.089

105.163

105.237

105.311

105.386

105.462

105.537

105.613

105.69

105.767

105.844

105.922

106

106.078

106.157

106.236

106.316

106.396

106.477

106.558

106.639

106.721

106.803

106.886

106.969

107.053

107.137

107.221

107.306

107.391

107.477

107.563

107.649

107.736

107.824

107.911

108

108.088

108.177

108.267

108.357

108.447

108.538

108.629

108.721

108.813

108.905

108.998

109.091

109.185

109.279

109.374

109.469

109.564

109.66

109.756

109.852

109.949

110.047

110.144

110.243

110.341

110.44

110.539

110.639

110.739

110.839

110.94

111.041

111.142

111.244

111.346

111.449

111.552

111.655

111.758

111.862

111.966

112.071

112.176

112.281

112.386

112.492

112.598

112.704

112.811

112.918

113.025

113.132

113.24

113.348

113.456

113.565

113.673

113.782

113.891

114.001

114.11

114.22

114.33

114.44

114.551

114.661

114.772

114.883

114.994

115.105

115.217

115.328

115.44

115.552

115.664

115.776

115.888

116.001

116.113

116.225

116.338

116.451

116.564

116.676

116.789

116.902

117.015

117.128

117.241

117.354

117.467

117.581

117.694

117.807

117.92

118.033

118.146

118.259

118.372

118.485

118.598

118.711

118.823

118.936

119.049

119.161

119.274

119.386

119.498

119.61

119.722

119.834

119.946

120.057

120.169

120.28

120.391

120.502

120.613

120.723

120.834

120.944

121.054

121.164

121.273

121.383

121.492

121.6

121.709

121.817

121.926

122.033

122.141

122.248

122.355

122.462

122.569

122.675

122.781

122.886

122.992

123.097

123.201

123.306

123.41

123.513

123.617

123.72

123.822

123.925

124.027

124.128

124.229

124.33

124.431

124.531

124.631

124.73

124.829

124.927

125.026

125.123

125.221

125.318

125.414

125.51

125.606

125.701

125.796

125.891

125.985

126.079

126.172

126.265

126.357

126.449

126.54

126.632

126.722

126.812

126.902

126.991

127.08

127.169

127.257

127.344

127.432

127.518

127.604

127.69

127.776

127.861

127.945

128.029

128.113

128.196

128.278

128.361

128.443

128.524

128.605

128.686

128.766

128.845

128.925

129.003

129.082

129.16

129.237

129.314

129.391

129.467

129.543

129.619

129.694

129.769

129.843

129.917

129.99

130.063

130.136

130.208

130.28

130.352

130.423

130.494

130.564

130.635

130.704

130.774

130.843

130.912

130.98

131.048

131.116

131.183

131.25

131.317

131.384

131.45

131.516

131.582

131.647

131.712

131.777

131.841

131.906

131.97

132.033

132.097

132.16

132.223

132.286

132.349

132.411

132.474

132.536

132.597

132.659

132.721

132.782

132.843

132.904

132.965

133.026

133.086

133.147

133.207

133.267

133.327

133.387

133.447

133.507

133.567

133.627

133.686

133.746

133.805

133.865

133.924

133.984

134.043

134.103

134.162

134.222

134.281

134.341

134.4

134.46

134.519

134.579

134.639

134.699

134.759

134.819

134.879

134.939

135

135.06

135.121

135.181

135.242

135.303

135.365

135.426

135.488

135.55

135.612

135.674

135.736

135.799

135.862

135.925

135.989

136.052

136.117

136.181

136.246

136.31

136.376

136.441

136.507

136.574

136.64

136.707

136.775

136.843

136.911

136.98

137.049

137.118

137.189

137.259

137.33

137.401

137.473

137.546

137.619

137.692

137.766

137.841

137.916

137.992

138.068

138.145

138.223

138.301

138.38

138.46

138.54

138.62

138.702

138.784

138.867

138.951

139.035

139.12

139.206

139.292

139.38

139.468

139.556

139.646

139.737

139.828

139.92

140.013

140.107

140.201

140.297

140.393

140.49

140.588

140.687

140.787

140.888

140.989

141.092

141.195

141.3

141.405

141.511

141.618

141.727

141.836

141.946

142.057

142.169

142.282

142.396

142.511

142.627

142.744

142.861

142.98

143.1

143.221

143.343

143.466

143.59

143.715

143.84

143.967

144.095

144.224

144.354

144.485

144.616

144.749

144.883

145.018

145.153

145.29

145.428

145.567

145.706

145.847

145.988

146.131

146.274

146.419

146.564

146.71

146.858

147.006

147.155

147.305

147.455

147.607

147.76

147.913

148.067

148.222

148.378

148.535

148.693

148.851

149.01

149.17

149.331

149.492

149.654

149.817

149.981

150.146

150.311

150.476

150.643

150.81

150.978

151.146

151.315

151.485

151.655

151.825

151.997

152.169

152.341

152.514

152.687

152.861

153.035

153.21

153.385

153.561

153.737

153.913

154.09

154.267

154.444

154.622

154.8

154.978

155.156

155.335

155.514

155.693

155.872

156.052

156.231

156.411

156.591

156.771

156.951

157.131

157.311

157.491

157.671

157.851

158.031

158.211

158.391

158.571

158.751

158.93

159.11

159.289

159.468

159.647

159.825

160.004

160.182

160.36

160.537

160.714

160.891

161.068

161.244

161.42

161.595

161.77

161.945

162.119

162.292

162.466

162.638

162.81

162.982

163.153

163.324

163.493

163.663

163.832

164

164.167

164.334

164.5

164.666

164.83

164.994

165.158

165.32

165.482

165.643

165.804

165.963

166.122

166.28

166.437

166.594

166.749

166.904

167.057

167.21

167.362

167.514

167.664

167.813

167.962

168.109

168.256

168.402

168.546

168.69

168.833

168.975

169.116

169.256

169.395

169.533

169.67

169.806

169.941

170.075

170.208

170.34

170.471

170.601

170.73

170.858

170.985

171.111

171.236

171.36

171.483

171.605

171.726

171.846

171.965

172.082

172.199

172.315

172.43

172.544

172.657

172.768

172.879

172.989

173.098

173.206

173.313

173.419

173.523

173.627

173.73

173.833

173.934

174.034

174.133

174.231

174.329

174.425

174.521

174.615

174.709

174.802

174.894

174.985

175.075

175.165

175.253

175.341

175.428

175.514

175.599

175.683

175.767

175.85

175.932

176.013

176.094

176.174

176.253

176.331

176.409

176.485

176.562

176.637

176.712

176.786

176.86

176.933

177.005

177.077

177.148

177.218

177.288

177.357

177.426

177.494

177.561

177.628

177.695

177.761

177.826

177.891

177.955

178.019

178.083

178.146

178.208

178.27

178.332

178.393

178.454

178.514

178.574

178.633

178.693

178.751

178.81

178.868

178.925

178.983

179.04

179.096

179.153

179.209

179.264

179.32

179.375

179.429

179.484

179.538

179.592

179.646

179.699

179.752

179.805

179.858

179.91

179.962

180.014

180.066

180.117

180.169

180.22

180.271

180.321

180.372

180.422

180.472

180.522

180.572

180.622

180.671

180.72

180.77

180.819

180.867

180.916

180.965

181.013

181.061

181.11

181.158

181.206

181.253

181.301

181.349

181.396

181.444

181.491

181.538

181.585

181.632

181.679

181.726

181.773

181.82

181.866

181.913

181.959

182.006

182.052

182.099

182.145

182.191

182.237

182.284

182.33

182.376

182.422

182.468

182.514

182.56

182.606

182.652

182.697

182.743

182.789

182.835

182.881

182.927

182.972

183.018

183.064

183.11

183.156

183.201

183.247

183.293

183.339

183.385

183.43

183.476

183.522

183.568

183.614

183.66

183.706

183.752

183.797

183.843

183.889

183.935

183.982

184.028

184.074

184.12

184.166

184.212

184.259

184.305

184.351

184.398

184.444

184.49

184.537

184.584

184.63

184.677

184.723

184.77

184.817

184.864

184.911

184.958

185.005

185.052

185.099

185.146

185.193

185.24

185.287

185.335

185.382

185.43

185.477

185.525

185.572

185.62

185.668

185.716

185.763

185.811

185.859

185.907

185.955

186.004

186.052

186.1

186.148

186.197

186.245

186.294

186.342

186.391

186.44

186.488

186.537

186.586

186.635

186.684

186.733

186.782

186.831

186.881

186.93

186.979

187.029

187.078

187.128

187.177

187.227

187.277

187.327

187.376

187.426

187.476

187.526

187.576

187.626

187.676

187.727

187.777

187.827

187.878

187.928

187.979

188.029

188.08

188.13

188.181

188.232

188.282

188.333

188.384

188.435

188.486

188.537

188.588

188.639

188.69

188.742

188.793

188.844

188.895

188.947

188.998

189.05

189.101

189.153

189.204

189.256

189.307

189.359

189.411

189.462

189.514

189.566

189.618

189.67

189.721

189.773

189.825

189.877

189.929

189.981

190.033

190.085

190.137

190.189

190.242

190.294

190.346

190.398

190.45

190.503

190.555

190.607

190.659

190.712

190.764

190.816

190.868

190.921

190.973

191.026

191.078

191.13

191.183

191.235

191.287

191.34

191.392

191.445

191.497

191.55

191.602

191.654

191.707

191.759

191.812

191.864

191.917

191.969

192.021

192.074

192.126

192.179

192.231

192.283

192.336

192.388

192.441

192.493

192.545

192.598

192.65

192.702

192.755

192.807

192.859

192.912

192.964

193.016

193.068

193.121

193.173

193.225

193.277

193.329

193.382

193.434

193.486

193.538

193.59

193.642

193.694

193.746

193.798

193.85

193.902

193.954

194.006

194.058

194.11

194.162

194.214

194.266

194.318

194.37

194.422

194.473

194.525

194.577

194.629

194.68

194.732

194.784

194.836

194.887

194.939

194.991

195.042

195.094

195.145

195.197

195.249

195.3

195.352

195.403

195.455

195.506

195.558

195.609

195.661

195.712

195.763

195.815

195.866

195.918

195.969

196.02

196.072

196.123

196.174

196.226

196.277

196.329

196.38

196.431

196.483

196.534

196.585

196.636

196.688

196.739

196.79

196.842

196.893

196.944

196.996

197.047

197.099

197.15

197.201

197.253

197.304

197.355

197.407

197.458

197.51

197.561

197.613

197.664

197.716

197.767

197.819

197.871

197.922

197.974

198.026

198.077

198.129

198.181

198.233

198.284

198.336

198.388

198.44

198.492

198.544

198.596

198.648

198.701

198.753

198.805

198.858

198.91

198.962

199.015

199.067

199.12

199.173

199.226

199.278

199.331

199.384

199.437

199.49

199.544

199.597

199.65

199.704

199.757

199.811

199.864

199.918

199.972

200.026

200.08

200.134

200.189

200.243

200.298

200.352

200.407

200.462

200.517

200.572

200.627

200.683

200.738

200.794

200.849

200.905

200.961

201.018

201.074

201.131

201.187

201.244

201.301

201.358

201.416

201.473

201.531

201.589

201.647

201.705

201.763

201.822

201.881

201.94

201.999

202.058

202.118

202.178

202.238

202.298

202.359

202.42

202.481

202.542

202.604

202.666

202.728

202.79

202.852

202.915

202.978

203.042

203.105

203.169

203.233

203.298

203.363

203.428

203.493

203.559

203.625

203.691

203.758

203.825

203.892

203.96

204.028

204.096

204.165

204.234

204.303

204.373

204.443

204.513

204.584

204.655

204.726

204.798

204.87

204.943

205.016

205.089

205.163

205.237

205.311

205.386

205.462

205.537

205.613

205.69

205.767

205.844

205.922

206

206.078

206.157

206.236

206.316

206.396

206.477

206.558

206.639

206.721

206.803

206.886

206.969

207.053

207.137

207.221

207.306

207.391

207.477

207.563

207.649

207.736

207.824

207.911

208

208.088

208.177

208.267

208.357

208.447

208.538

208.629

208.721

208.813

208.905

208.998

209.091

209.185

209.279

209.374

209.469

209.564

209.66

209.756

209.852

209.949

210.047

210.144

210.243

210.341

210.44

210.539

210.639

210.739

210.839

210.94

211.041

211.142

211.244

211.346

211.449

211.552

211.655

211.758

211.862

211.966

212.071

212.176

212.281

212.386

212.492

212.598

212.704

212.811

212.918

213.025

213.132

213.24

213.348

213.456

213.565

213.673

213.782

213.891

214.001

214.11

214.22

214.33

214.44

214.551

214.661

214.772

214.883

214.994

215.105

215.217

215.328

215.44

215.552

215.664

215.776

215.888

216.001

216.113

216.225

216.338

216.451

216.564

216.676

216.789

216.902

217.015

217.128

217.241

217.354

217.467

217.581

217.694

217.807

217.92

218.033

218.146

218.259

218.372

218.485

218.598

218.711

218.823

218.936

219.049

219.161

219.274

219.386

219.498

219.61

219.722

219.834

219.946

220.057

220.169

220.28

220.391

220.502

220.613

220.723

220.834

220.944

221.054

221.164

221.273

221.383

221.492

221.6

221.709

221.817

221.926

222.033

222.141

222.248

222.355

222.462

222.569

222.675

222.781

222.886

222.992

223.097

223.201

223.306

223.41

223.513

223.617

223.72

223.822

223.925

224.027

224.128

224.229

224.33

224.431

224.531

224.631

224.73

224.829

224.927

225.026

225.123

225.221

225.318

225.414

225.51

225.606

225.701

225.796

225.891

225.985

226.079

226.172

226.265

226.357

226.449

226.54

226.632

226.722

226.812

226.902

226.992

227.08

227.169

227.257

227.344

227.432

227.518

227.604

227.69

227.776

227.861

227.945

228.029

228.113

228.196

228.279

228.361

228.443

228.524

228.605

228.686

228.766

228.845

228.925

229.003

229.082

229.16

229.237

229.314

229.391

229.467

229.543

229.619

229.694

229.769

229.843

229.917

229.99

230.063

230.136

230.208

230.28

230.352

230.423

230.494

230.565

230.635

230.704

230.774

230.843

230.912

230.98

231.048

231.116

231.183

231.251

231.317

231.384

231.45

231.516

231.582

231.647

231.712

231.777

231.841

231.906

231.97

232.033

232.097

232.16

232.223

232.286

232.349

232.411

232.474

232.536

232.597

232.659

232.721

232.782

232.843

232.904

232.965

233.026

233.086

233.147

233.207

233.267

233.327

233.387

233.447

233.507

233.567

233.627

233.686

233.746

233.805

233.865

233.924

233.984

234.043

234.103

234.162

234.222

234.281

234.341

234.4

234.46

234.52

234.579

234.639

234.699

234.759

234.819

234.879

234.939

235

235.06

235.121

235.182

235.242

235.304

235.365

235.426

235.488

235.55

235.612

235.674

235.736

235.799

235.862

235.925

235.989

236.053

236.117

236.181

236.246

236.311

236.376

236.442

236.508

236.574

236.641

236.708

236.775

236.843

236.911

236.98

237.049

237.119

237.189

237.259

237.33

237.402

237.474

237.546

237.619

237.693

237.767

237.841

237.917

237.992

238.069

238.146

238.223

238.301

238.38

238.46

238.54

238.621

238.702

238.784

238.867

238.951

239.035

239.12

239.206

239.293

239.38

239.468

239.557

239.647

239.737

239.828

239.92

240.013

240.107

240.202

240.297

240.393

240.49

240.589

240.687

240.787

240.888

240.99

241.092

241.196

241.3

241.405

241.512

241.619

241.727

241.836

241.946

242.057

242.169

242.282

242.396

242.511

242.627

242.744

242.862

242.981

243.101

243.222

243.344

243.467

243.59

243.715

243.841

243.968

244.096

244.225

244.355

244.485

244.617

244.75

244.884

245.019

245.154

245.291

245.429

245.568

245.707

245.848

245.99

246.132

246.276

246.42

246.565

246.712

246.859

247.007

247.156

247.306

247.457

247.608

247.761

247.914

248.069

248.224

248.38

248.536

248.694

248.853

249.012

249.172

249.332

249.494

249.656

249.819

249.983

250.147

250.312

250.478

250.645

250.812

250.98

251.148

251.317

251.487

251.657

251.828

251.999

252.171

252.343

252.516

252.69

252.863

253.038

253.213

253.388

253.563

253.739

253.916

254.093

254.27

254.447

254.625

254.803

254.981

255.16

255.338

255.517

255.696

255.876

256.055

256.235

256.415

256.595

256.775

256.955

257.135

257.315

257.495

257.675

257.856

258.036

258.216

258.396

258.576

258.755

258.935

259.115

259.294

259.473

259.652

259.831

260.009

260.187

260.365

260.543

260.72

260.897

261.074

261.25

261.426

261.602

261.777

261.952

262.126

262.3

262.473

262.646

262.818

262.99

263.161

263.331

263.502

263.671

263.84

264.008

264.176

264.343

264.509

264.675

264.84

265.004

265.168

265.33

265.492

265.654

265.814

265.974

266.133

266.291

266.449

266.605

266.761

266.916

267.07

267.223

267.375

267.527

267.677

267.827

267.976

268.124

268.27

268.416

268.561

268.706

268.849

268.991

269.132

269.272

269.412

269.55

269.688

269.824

269.959

270.094

270.227

270.36

270.491

270.621

270.751

270.879

271.007

271.133

271.258

271.383

271.506

271.629

271.75

271.87

271.99

272.108

272.225

272.342

272.457

272.571

272.685

272.797

272.908

273.019

273.128

273.237

273.344

273.451

273.556

273.661

273.765

273.867

273.969

274.07

274.17

274.269

274.367

274.464

274.561

274.656

274.75

274.844

274.937

275.029

275.12

275.21

275.3

275.388

275.476

275.563

275.649

275.735

275.819

275.903

275.986

276.069

276.15

276.231

276.311

276.391

276.47

276.548

276.625

276.702

276.778

276.854

276.929

277.003

277.076

277.149

277.222

277.294

277.365

277.436

277.506

277.576

277.645

277.713

277.782

277.849

277.916

277.983

278.049

278.115

278.18

278.245

278.31

278.374

278.437

278.501

278.563

278.626

278.688

278.75

278.811

278.872

278.933

278.994

279.054

279.113

279.173

279.232

279.291

279.35

279.408

279.467

279.525

279.582

279.64

279.697

279.754

279.811

279.868

279.924

279.98

280.036

280.092

280.148

280.204

280.259

280.314

280.369

280.425

280.479

280.534

280.589

280.643

280.698

280.752

280.807

280.861

280.915

280.969

281.023

281.077

281.131

281.185

281.239

281.292

281.346

281.4

281.454

281.507

281.561

281.615

281.668

281.722

281.776

281.83

281.883

281.937

281.991

282.045

282.099

282.153

282.207

282.261

282.315

282.369

282.423

282.478

282.532

282.587

282.641

282.696

282.751

282.805

282.86

282.915

282.971

283.026

283.081

283.137

283.193

283.248

283.304

283.36

283.416

283.473

283.529

283.586

283.642

283.699

283.756

283.814

283.871

283.928

283.986

284.044

284.102

284.16

284.218

284.277

284.336

284.394

284.453

284.513

284.572

284.632

284.691

284.751

284.811

284.872

284.932

284.993

285.053

285.115

285.176

285.237

285.299

285.36

285.422

285.485

285.547

285.609

285.672

285.735

285.798

285.861

285.925

285.988

286.052

286.116

286.181

286.245

286.309

286.374

286.439

286.504

286.57

286.635

286.701

286.766

286.832

286.898

286.965

287.031

287.098

287.165

287.232

287.299

287.366

287.433

287.501

287.569

287.637

287.705

287.773

287.841

287.909

287.978

288.047

288.115

288.184

288.253

288.323

288.392

288.461

288.531

288.6

288.67

288.74

288.81

288.88

288.95

289.02

289.09

289.16

289.23

289.301

289.371

289.442

289.512

289.583

289.654

289.724

289.795

289.866

289.937

290.007

290.078

290.149

290.22

290.291

290.361

290.432

290.503

290.574

290.645

290.715

290.786

290.857

290.927

290.998

291.069

291.139

291.209

291.28

291.35

291.42

291.49

291.561

291.631

291.7

291.77

291.84

291.909

291.979

292.048

292.117

292.186

292.255

292.324

292.393

292.461

292.53

292.598

292.666

292.734

292.801

292.869

292.936

293.003

293.07

293.137

293.203

293.27

293.336

293.402

293.467

293.533

293.598

293.663

293.728

293.792

293.856

293.92

293.984

294.047

294.111

294.174

294.236

294.299

294.361

294.422

294.484

294.545

294.606

294.667

294.727

294.787

294.846

294.906

294.965

295.023

295.082

295.14

295.197

295.255

295.312

295.368

295.425

295.481

295.536

295.591

295.646

295.701

295.755

295.809

295.862

295.915

295.967

296.02

296.072

296.123

296.174

296.225

296.275

296.325

296.375

296.424

296.472

296.521

296.569

296.616

296.663

296.71

296.756

296.802

296.847

296.892

296.937

296.981

297.025

297.068

297.111

297.154

297.196

297.238

297.279

297.32

297.361

297.401

297.44

297.479

297.518

297.557

297.595

297.632

297.669

297.706

297.742

297.778

297.814

297.849

297.883

297.918

297.951

297.985

298.018

298.05

298.083

298.114

298.146

298.177

298.207

298.237

298.267

298.297

298.326

298.354

298.382

298.41

298.438

298.465

298.492

298.518

298.544

298.569

298.595

298.619

298.644

298.668

298.692

298.715

298.738

298.761

298.783

298.805

298.827

298.848

298.869

298.89

298.91

298.93

298.95

298.969

298.988

299.007

299.025

299.044

299.061

299.079

299.096

299.113

299.13

299.146

299.162

299.178

299.193

299.209

299.223

299.238

299.253

299.267

299.281

299.294

299.308

299.321

299.334

299.347

299.359

299.371

299.383

299.395

299.407

299.418

299.429

299.44

299.451

299.461

299.472

299.482

299.492

299.502

299.511

299.521

299.53

299.539

299.548

299.556

299.565

299.573

299.582

299.59

299.598

299.605

299.613

299.62

299.628

299.635

299.642

299.649

299.655

299.662

299.669

299.675

299.681

299.687

299.693

299.699

299.705

299.711

299.716

299.722

299.727

299.732

299.737

299.743

299.747

299.752

299.757

299.762

299.766

299.771

299.775

299.78

299.784

299.788

299.792

299.796

299.8

299.804

299.808

299.811

299.815

299.818

299.822

299.825

299.829

299.832

299.835

299.838

299.842

299.845

299.848

299.851

299.853

299.856

299.859

299.862

299.864

299.867

299.87

299.872

299.874

299.877

299.879

299.882

299.884

299.886

299.888

299.89

299.893

299.895

299.897

299.899

299.901

299.902

299.904

299.906

299.908

299.91

299.912

299.913

299.915

299.917

299.918

299.92

299.921

299.923

299.924

299.926

299.927

299.929

299.93

299.931

299.933

299.934

299.935

299.936

299.938

299.939

299.94

299.941

299.942

299.943

299.944

299.946

299.947

299.948

299.949

299.95

299.951

299.952

299.952

299.953

299.954

299.955

299.956

299.957

299.958

299.958

299.959

299.96

299.961

299.962

299.962

299.963

299.964

299.964

299.965

299.966

299.966

299.967

299.968

299.968

299.969

299.97

299.97

299.971

299.971

299.972

299.972

299.973

299.973

299.974

299.974

299.975

299.975

299.976

299.976

299.977

299.977

299.978

299.978

299.979

299.979

299.979

299.98

299.98

299.981

299.981

299.981

299.982

299.982

299.982

299.983

299.983

299.983

299.984

299.984

299.984

299.985

299.985

299.985

299.985

299.986

299.986

299.986

299.987

299.987

299.987

299.987

299.988

299.988

299.988

299.988

299.988

299.989

299.989

299.989

299.989

299.99

299.99

299.99

299.99

299.99

299.991

299.991

299.991

299.991

299.991

299.991

299.992

299.992

299.992

299.992

299.992

299.992

299.992

299.993

299.993

299.993

299.993

299.993

299.993

299.993

299.994

299.994

299.994

299.994

299.994

299.994

299.994

299.994

299.994

299.995

299.995

299.995

299.995

299.995

299.995

299.995

299.995

299.995

299.995

299.996

299.996

299.996

299.996

299.996

299.996

299.996

299.996

299.996

299.996

299.996

299.996

299.996

299.997

299.997

299.997

299.997

299.997

299.997

299.997

299.997

299.997

299.997

299.997

299.997

299.997

299.997

299.997

299.997

299.997

299.998

299.998

299.998

299.998

299.998

299.998

299.998

299.998

299.998

299.998

299.998

299.998

299.998

299.998

299.998

299.998

299.998

299.998

299.998

299.998

299.998

299.998

299.998

299.998

299.998

299.998

299.998

299.999

299.999

299.999

299.999

299.999

299.999

299.999

299.999

299.999

299.999

299.999

299.999

299.999

299.999

299.999

299.999

299.999

299.999

299.999

299.999

299.999

299.999

299.999

299.999

299.999

299.999

299.999

299.999

299.999

299.999

299.999

299.999

299.999

299.999

299.999

299.999

299.999

299.999

299.999

299.999

299.999

299.999

299.999

299.999

299.999

299.999

299.999

299.999

299.999

299.999

299.999

299.999

299.999

299.999

299.999

299.999

300

300

300

300

300

300

300

300

300

300

300

300

300

300

300

300

300

300

300

300

300

300

300

300

300

300

300

300

300

300

300

300

300

300

300

300

300

300

300

300

300

300

300

300

300

300

300

300

300

300

300

300

300

300

300

300

300

300

300

300

300

300

300

300

300

300

300

300

300

300

300

300

300

300

300

300

300

300

300

300

300

300

300

300

300

300

300

300

300

300

300

300

300

300

300

300

300

300

300

300

300

300

300

300

300

300

300

300

300

300

300

300

300

300

300

300

300

300

300

300

300

300

300

300

300

300

300

300

300

300

300

300

300

300

300

300

300

300

300

300

300

300

300

300

300

300

300

300

300

300

300

300

300

300

300

300

300

300

300

300

300

300

300

300

300

300

300

300

300

300

300

300

300

300

300

300

300

300

300

300

300

300

300

300

300

300

300

300

300

300

300

300

300

300

300

300

300

300

300

300

300

300

300

300

300

300

300

300

300

300

300

300

300

300

300

300

300

300

300

300

300

300

300

300

300

300

300

300

300

300

300

300

300

300

300

300

300

300

300

300

300

300

300

300

300

300

300

300

300

300

300

300

300

300

300

300

300

300

300

300

300

300

300

300

300

300

300

300

300

300

300

300

300

300

300

300

300

300

300

300

300

300

300

300

300

300

300

300

300

300

300

300

300

300

300

300

300

300

300

300

300

300

300

300

300

300

300

300

300

300

300

300

300

300

300

300

300

300

300

300

300

300

300

300

300

300

300

300

300

300

300

300

300

300

300

300

300

300

300

300

300

300

300

300

300

300

300

300

300

300

300

300

300

300

300

300

300

300

300

300

300

300

300

300

300

300

300

300

300

300

300

300

300

300

300

300

300

300

300

300

300

300

300

300

300

300

300

300

300

300

300

300

300

300

300

300

300

300

300

300

300

300

300

300

300

300

300

300

300

300

300

300

300

300

300

300

300

300

300

300

300

300

300

300

300

300

300

300

300

300

300

300

300

300

300

300

300

300

300

300

300

300

300

300

300

300

300

300

300

300

300

300

300

300

300

300

300

300

300

300

300

300

300

300

300

300

300

300

300

300

300

300

300

300

300

300

300

300

300

300

300

300

300

300

300

300

300

300

300

300

300

300

300

300

300

300

300

300

300

300

300

300

300

300

300

300

300

300

300

300

300

300

300

300

300

300

300

300

300

300

300

300

300

300

300

300

300

300

300

300

300

300

300

300

300

300

300

300

300

300

300

300

300

300

300

300

300

300

300

300

300

300

300

300

300

300

300

300

300

300

300

300

300

300

300

300

300

300

300

300

300

300

300

300

300

300

300

300

300

300

300

300

300

300

300

300

300

300

300

300

300

300

300

300

300

300

300

300

300

300

300

300

300

300

300

300

300

300

300

300

300

300

300

300

300

300

300

300

300

300

300

300

300

300

300

300

300

300

300

300

300

300

300

300

300

300

300

300

300

300

300

300

300

300

300

300

300

300

300

300

300

300

300

300

300

300

300

300

300

300

300

300

300

300

300

300

300

300

300

300

300

300

300

300

300

300

300

300

300

300

300

300

300

300

300

300

300

300

300

300

300

300

300

300

300

300

300

300

300

300

300

300

300

300

300

300

300

300

300

300

300

300

300

300

300

300

300

300

300

300

300

300

300

300

300

300

300

300

300

300

300

300

300

300

300

300

300

300

300

300

300

300

300

300

300

300

300

300

300

300

300

300

300

300

300

300

300

300

300

300

300

300

300

300

300

300

300

300

300

300

300

300

300

300

300

300

300

300

300

300

300

300

300

300

300

300

300

300

300

300

300

300

300

300

300

300

300

300

300

300

300

300

300

300

300

300

300

300

300

300

300

300

300

300

300

300

300

300

300

300

300

300

300

300

300

300

300

300

300

300

300

300

300

300

300

300

300

300

300

300

300

300

300

300

300

300

300

300

300

300

300

300

300

300

300

300

300

300

300

300

300

300

300

300

300

300

300

300

300

300

300

300

300

300

300

300

300

300

300

300

300

300

300

300

300

300

300

300

300

300

300

300

300

300

300

300

300

300

300

300

300

300

300

300

300

300

300

300

300

300

300

300

300

300

300

300

300

300

300

300

300

300

300

300

300

300

300

300

300

300

300

300

300

300

300

300

300

300

300

300

300

300

300

300

300

300

300

300

300

300

300

300

300

300

300

300

300

300

300

300

300

300

300

300

300

300

300

300

300

300

300

300

300

300

300

300

300

300

300

300

300

300

300

300

300

300

300

300

300

300

300

300

300

300

300

300

300

300

300

300

300

300

300

300

300

300

300

300

300

300

300

300

300

300

300

300

300

300

300

300

300

300

300

300

300

300

300

300

300

300

300

300

300

300

300

300

300

300

300

300

300

300

300

300

300

300

300

300

300

300

300

300

300

300

300

300

300

300

300

300

300

300

300

300

300

300

300

300

300

300

300

300

300

300

300

300

300

300

300

300

300

300

300

300

300

300

300

300

300

300

300

300

300

300

300

300

300

300

300

300

300

300

300

300

300

300

300

300

300

300

300

300

300

300

300

300

300

300

300

300

300

300

300

300

300

300

300

300

300

300

300

300

300

300

300

300

300

300

300

300

300

300

300

300

300

300

300

300

300

300

300

300

300

300

300

300

300

300

300

300

300

300

300

300

300

300

300

300

300

300

300

300

300

300

300

300

300

300

300

300

300

300

300

300

300

300

300

300

300

300

300

300

300

300

300

300

300

300

300

300

300

300

300

300

300

300

300

300

300

300

300

300

300

300

300

300

300

300

300

300

300

300

300

300

300

300

300

300

300

300

300

300

300

300

300

300

300

300

300

300

300

300

300

300

300

300

300

300

300

300

300

300

300

300

300

300

300

300

300

300

300

300

300

300

300

300

300

300

300

300

300

300

300

300

300

300

300

300

300

300

300

300

300

300

300

300

300

300

300

300

300

300

300

300

300

300

300

300

300

300

300

300

300

300

300

300

300

300

300

300

300

300

300

300

300

300

300

300

300

300

300

300

300

300

300

300

300

300

300

300

300

300

300

300

300

300

300

300

300

300

300

300

300

300

300

300

300

300

300

300

300

300

300

300

300

300

300

300

300

300

300

300

300

300

300

300

300

300

300

300

300

300

300

300

300

300

300

300

300

300

300

300

300

300

300

300

300

300

300

300

300

300

300

300

300

300

300

300

300

300

300

300

300

300

300

300

300

300

300

300

300

300

300

300

300

300

300

300

300

300

300

300

300

300

300

300

300

300

300

300

300

300

300

300

300

300

300

300

300

300

300

300

300

300

300

300

300

300

300

300

300

300

300

300

300

300

300

300

300

300

300

300

300

300

300

300

300

300

300

300

300

300

300

300

300

300

300

300

300

300

300

300

300

300

300

300

300

300

300

300

300

300

300

300

300

300

300

300

300

300

300

300

300

300

300

300

300

300

300

300

300

300

300

300

300

300

300

300

300

300

300

300

300

300

300

300

300

300

300

300

300

300

300

300

300

300

300

300

300

300

300

300

300

300

300

300

300

300

300

300

300

300

300

300

300

300

300

300

300

300

300

300

300

300

300

300

300

300

300

300

300

300

300

300

300

300

300

300

300

300

300

300

300

300

300

300

300

300

300

300

300

300

300

300

300

300

300

300

300

300

300

300

300

300

300

300

300

300

300

300

300

300

300

300

300

300

300

300

300

300

300

300

300

300

300

300

300

300

300

300

300

300

300

300

300

300

300

300

300

300

300

300

300

300

300

300

300

300

300

300

300

300

300

300

300

300

300

300

300

300

300

300

300

300

300

300

300

300

300

300

300

300

300

300

300

300

300

300

300

300

300

300

300

300

300

300

300

300

300

300

300

300

300

300

300

300

300

300

300

300

300

300

300

300

300

300

300

300

300

300

300

300

300

300

300

300

300

300

300

300

300

300

300

300

300

300

300

300

300

300

300

300

300

300

300

300

300

300

300

300

300

300

300

300

300

300

300

300

300

300

300

300

300

300

300

300

300

300

300

300

300

300

300

300

300

300

300

300

300

300

300

300

300

300

300

300

300

300

300

300

300

300

300

300

300

300

300

300

300

300

300

300

300

300

300

300

300

300

300

300

300

300

300

300

300

300

300

300

300

300

300

300

300

300

300

300

300

300

300

300

300

300

300

300

300

300

300

300

300

300

300

300

300

300

300

300

300

300

300

300

300

300

300

300

300

300

300

300

300

300

300

300

300

300

300

300

300

300

300

300

300

300

300

300

300

300

300

300

300

300

300

300

300

300

300

300

300

300

300

300

300

300

300

300

300

300

300

300

300

300

300

300

300

300

300

300

300

300

300

300

300

300

300

300

300

300

300

300

300

300

300

300

300

300

300

300

300

300

300

300

300

300

300

300

300

300

300

300

300

300

300

300

300

300

300

300

300

300

300

300

300

300

300

300

300

300

300

300

300

300

300

300

300

300

300

300

300

300

300

300

300

300

300

300

300

300

300

300

300

300

300

300

300

300

300

300

300

300

300

300

300

300

300

300

300

300

300

300

300

300

300

300

300

300

300

300

300

300

300

300

300

300

300

300

300

300

300

300

300

300

300

300

300

300

300

300

300

300

300

300

300

300

300

300

300

300

300

300

300

300

300

300

300

300

300

300

300

300

300

300

300

300

300

300

300

300

300

300

300

300

300

300

300

300

300

300

300

300

300

300

300

300

300

300

300

300

300

300

300

300

300

300

300

300

300

300

300

300

300

300

300

300

300

300

300

300

300

300

300

300

300

300

300

300

300

300

300

300

300

300

300

300

300

300

300

300

300

300

300

300

300

300

300

300

300

300

300

300

300

300

300

300

300

300

300

300

300

300

300

300

300

300

300

300

300

300

300

300

300

300

300

300

300

300

300

300

300

300

300

300

300

300

300

300

300

300

300

300

300

300

300

300

300

300

300

300

300

300

300

300

300

300

300

300

300

300

300

300

300

300

300

300

300

300

300

300

300

300

300

300

300

300

300

300

300

300

300

300

300

300

300

300

300

300

300

300

300

300

300

300

300

300

300

300

300

300

300

300

300

300

300

300

300

300

300

300

300

300

300

300

300

300

300

300

300

300

300

300

300

300

300

300

300

300

300

300

300

300

300

300

300

300

300

300

300

300

300

300

300

300

300

300

300

300

300

300

300

300

300

300

300

300

300

300

300

300

300

300

300

300

300

300

300

300

300

300

300

300

300

300

300

300

300

300

300

300

300

300

300

300

300

300

300

300

300

300

300

300

300

300

300

300

300

300

300

300

300

300

300

300

300

300

300

300

300

300

300

300

300

300

300

300

300

300

300

300

300

300

300

300

300

300

300

300

300

300

300

300

300

300

300

300

300

300

300

300

300

300

300

300

300

300

300

300

300

300

300

300

300

300

300

300

300

300

300

300

300

300

300

300

300

300

300

300

300

300

300

300

300

300

300

300

300

300

300

300

300

300

300

300

300

300

300

300

300

300

300

300

300

300

300

300

300

300

300

300

300

300

300

300

300

300

300

300

300

300

300

300

300

300

300

300

300

300

300

300

300

300

300

300

300

300

300

300

300

300

300

300

300

300

300

300

300

300

300

300

300

300

300

300

300

300

300

300

300

300

300

300

300

300

300

300

300

300

300

300

300

300

300

300

300

300

300

300

300

300

300

300

300

300

300

300

300

300

300

300

300

300

300

300

300

300

300

300

300

300

300

300

300

300

300

300

300

300

300

300

300

300

300

300

300

300

300

300

300

300

300

300

300

300

300

300

300

300

300

300

300

300

300

300

300

300

300

300

300

300

300

300

300

300

300

300

300

300

300

300

300

300

300

300

300

300

300

300

300

300

300

300

300

300

300

300

300

300

300

300

300

300

300

300

300

300

300

300

300

300

300

300

300

300

300

300

300

300

300

300

300

300

300

300

300

300

300

300

300

300

300

300

300

300

300

300

300

300

300

300

300

300

300

300

300

300

300

300

300

300

300

300

300

300

300

300

300

300

300

300

300

300

300

300

300

300

300

300

300

300

300

300

300

300

300

300

300

300

300

300

300

300

300

300

300

300

300

300

300

300

300

300

300

300

300

300

300

300

300

300

300

300

300

300

300

300

300

300

300

300

300

300

300

300

300

300

300

300

300

300

300

300

300

300

300

300

300

300

300

300

300

300

300

300

300

300

300

300

300

300

300

300

300

300

300

300

300

300

300

300

300

300

300

300

300

300

300

300

300

300

300

300

300

300

300

300

300

300

300

300

300

300

300

300

300

300

300

300

300

300

300

300

300

300

300

300

300

300

300

300

300

300

300

300

300

300

300

300

300

300

300

300

300

300

300

300

300

300

300

300

300

300

300

300

300

300

300

300

300

300

300

300

300

300

300

300

300

300

300

300

300

300

300

300

300

300

300

300

300

300

300

300

300

300

300

300

300

300

300

300

300

300

300

300

300

300

300

300

300

300

300

300

300

300

300

300

300

300

300

300

300

300

300

300

300

300

300

300

300

300

300

300

300

300

300

300

300

300

300

300

300

300

300

300

300

300

300

300

300

300

300

300

300

300

300

300

300

300

300

300

300

300

300

300

300

300

300

300

300

300

300

300

300

300

300

300

300

300

300

300

300

300

300

300

300

300

300

300

300

300

300

300

300

300

300

300

300

300

300

300

300

300

300

300

300

300

300

300

300

300

300

300

300

300

300

300

300

300

300

300

300

300

300

300

300

300

300

300

300

300

300

300

300

300

300

300

300

300

300

300

300

300

300

300

300

300

300

300

300

300

300

300

300

300

300

300

300

300

300

300

300

300

300

300

300

300

300

300

300

300

300

300

300

300

300

300

300

300

300

300

300

300

300

300

300

300

300

300

300

300

300

300

300

300

300

300

300

300

300

300

300

300

300

300

300

300

300

300

300

300

300

300

300

300

300

300

300

300

300

300

300

300

300

300

300

300

300

300

300

300

300

300

300

300

300

300

300

300

300

300

300

300

300

300

300

300

300

300

300

300

300

300

300

300

300

300

300

300

300

300

300

300

300

300

300

300

300

300

300

300

300

300

300

300

300

300

300

300

300

300

300

300

300

300

300

300

300

300

300

300

300

300

300

300

300

300

300

300

300

300

300

300

300

300

300

300

300

300

300

300

300

300

300

300

300

300

300

300

300

300

300

300

300

300

300

300

300

300

300

300

300

300

300

300

300

300

300

300

300

300

300

300

300

300

300

300

300

300

300

300

300

300

300

300

300

300

300

300

300

300

300

300

300

300

300

300

300

300

300

300

300

300

300

300

300

300

300

300

300

300

300

300

300

300

300

300

300

300

300

300

300

300

300

300

300

300

300

300

300

300

300

300

300

300

300

300

300

300

300

300

300

300

300

300

300

300

300

300

300

300

300

300

300

300

300

300

300

300

300

300

300

300

300

300

300

300

300

300

300

300

300

300

300

300

300

300

300

300

300

300

300

300

300

300

300

300

300

300

300

300

300

300

300

300

300

300

300

300

300

300

300

300

300

300

300

300

300

300

300

300

300

300

300

300

300

300

300

300

300

300

300

300

300

300

300

300

300

300

300

300

300

300

300

300

300

300

300

300

300

300

300

300

300

300

300

300

300

300

300

300

300

300

300

300

300

300

300

300

300

300

300

300

300

300

300

300

300

300

300

300

300

300

300

300

300

300

300

300

300

300

300

300

300

300

300

300

300

300

300

300

300

300

300

300

300

300

300

300

300

300

300

300

300

300

300

300

300

300

300

300

300

300

300

300

300

300

300

300

300

300

300

300

300

300

300

300

300

300

300

300

300

300

300

300

300

300

300

300

300

300

300

300

300

300

300

300

300

300

300

300

300

300

300

300

300

300

300

300

300

300

300

300

300

300

300

300

300

300

300

300

300

300

300

300

300

300

300

300

300

300

300

300

300

300

300

300

300

300

300

300

300

300

300

300

300

300

300

300

300

300

300

300

300

300

300

300

300

300

300

300

300

300

300

300

300

300

300

300

300

300

300

300

300

300

300

300

300

300

300

300

300

300

300

300

300

300

300

300

300

300

300

300

300

300

300

300

300

300

300

300

300

300

300

300

300

300

300

300

300

300

300

300

300

300

300

300

300

300

300

300

300

300

300

300

300

300

300

300

300

300

300

300

300

300

300

300

300

300

300

300

300

300

300

300

300

300

300

300

300

300

300

300

300

300

300

300

300

300

300

300

300

300

300

300

300

300

300

300

300

300

300

300

300

300

300

300

300

300

300

300

300

300

300

300

300

300

300

300

300

300

300

300

300

300

300

300

300

300

300

300

300

300

300

300

300

300

300

300

300

300

300

300

300

300

300

300

300

300

300

300

300

300

300

300

300

300

300

300

300

300

300

300

300

300

300

300

300

300

300

300

300

300

300

300

300

300

300

300

300

300

300

300

300

300

300

300

300

300

300

300

300

300

300

300

300

300

300

300

300

300

300

300

300

300

300

300

300

300

300

300

300

300

300

300

300

300

300

300

300

300

300

300

300

300

300

300

300

300

300

300

300

300

300

300

300

300

300

300

300

300

300

300

300

300

300

300

300

300

300

300

300

300

300

300

300

300

300

300

300

300

300

300

300

300

300

300

300

300

300

300

300

300

300

300

300

300

300

300

300

300

300

300

300

300

300

300

300

300

300

300

300

300

300

300

300

300

300

300

300

300

300

300

300

300

300

300

300

300

300

300

300

300

300

300

300

300

300

300

300

300

300

300

300

300

300

300

300

300

300

300

300

300

300

300

300

300

300

300

300

300

300

300

300

300

300

300

300

300

300

300

300

300

300

300

300

300

300

300

300

300

300

300

300

300

300

300

300

300

300

300

300

300

300

300

300

300

300

300

300

300

300

300

300

300

300

300

300

300

300

300

300

300

300

300

300

300

300

300

300

300

300

300

300

300

300

300

300

300

300

300

300

300

300

300

300

300

300

300

300

300

300

300

300

300

300

300

300

300

300

300

300

300

300

300

300

300

300

300

300

300

300

300

300

300

300

300

300

300

300

300

300

300

300

300

300

300

300

300

300

300

300

300

300

300

300

300

300

300

300

300

300

300

300

300

300

300

300

300

300

300

300

300

300

300

300

300

300

300

300

300

300

300

300

300

300

300

300

300

300

300

300

300

300

300

300

300

300

300

300

300

300

300

300

300

300

300

300

300

300

300

300

300

300

300

300

300

300

300

300

300

300

300

300

300

300

300

300

300

300

300

300

300

300

300

300

300

300

300

300

300

300

300

300

300

300

300

300

300

300

300

300

300

300

300

300

300

300

300

300

300

300

300

300

300

300

300

300

300

300

300

300

300

300

300

300

300

300

300

300

300

300

300

300

300

300

300

300

300

300

300

300

300

300

300

300

300

300

300

300

300

300

300

300

300

300

300

300

300

300

300

300

300

300

300

300

300

300

300

300

300

300

300

300

300

300

300

300

300

300

300

300

300

300

300

300

300

300

300

300

300

300

300

300

300

300

300

300

300

300

300

300

300

300

300

300

300

300

300

300

300

300

300

300

300

300

300

300

300

300

300

300

300

300

300

300

300

300

300

300

300

300

300

300

300

300

300

300

300

300

300

300

300

300

300

300

300

300

300

300

300

300

300

300

300

300

300

300

300

300

300

300

300

300

300

300

300

300

300

300

300

300

300

300

300

300

300

300

300

300

300

300

300

300

300

300

300

300

300

300

300

300

300

300

300

300

300

300

300

300

300

300

300

300

300

300

300

300

300

300

300

300

300

300

300

300

300

300

300

300

300

300

300

300

300

300

300

300

300

300

300

300

300

300

300

300

300

300

300

300

300

300

300

300

300

300

300

300

300

300

300

300

300

300

300

300

300

300

300

300

300

300

300

300

300

300

300

300

300

300

300

300

300

300

300

300

300

300

300

300

300

300

300

300

300

300

300

300

300

300

300

300

300

300

300

300

300

300

300

300

300

300

300

300

300

300

300

300

299.999

299.999

299.999

299.999

299.999

299.999

299.999

299.999

299.999

299.999

299.999

299.999

299.999

299.999

299.999

299.999

299.999

299.999

299.999

299.999

299.999

299.999

299.999

299.999

299.999

299.999

299.999

299.999

299.999

299.999

299.999

299.999

299.999

299.999

299.999

299.999

299.999

299.999

299.999

299.999

299.999

299.999

299.999

299.999

299.999

299.999

299.999

299.999

299.999

299.999

299.999

299.999

299.999

299.999

299.999

299.999

299.999

299.998

299.998

299.998

299.998

299.998

299.998

299.998

299.998

299.998

299.998

299.998

299.998

299.998

299.998

299.998

299.998

299.998

299.998

299.998

299.998

299.998

299.998

299.998

299.998

299.998

299.998

299.997

299.997

299.997

299.997

299.997

299.997

299.997

299.997

299.997

299.997

299.997

299.997

299.997

299.997

299.997

299.997

299.997

299.997

299.996

299.996

299.996

299.996

299.996

299.996

299.996

299.996

299.996

299.996

299.996

299.996

299.996

299.995

299.995

299.995

299.995

299.995

299.995

299.995

299.995

299.995

299.995

299.994

299.994

299.994

299.994

299.994

299.994

299.994

299.994

299.994

299.993

299.993

299.993

299.993

299.993

299.993

299.993

299.992

299.992

299.992

299.992

299.992

299.992

299.992

299.991

299.991

299.991

299.991

299.991

299.99

299.99

299.99

299.99

299.99

299.99

299.989

299.989

299.989

299.989

299.988

299.988

299.988

299.988

299.988

299.987

299.987

299.987

299.987

299.986

299.986

299.986

299.985

299.985

299.985

299.985

299.984

299.984

299.984

299.983

299.983

299.983

299.982

299.982

299.982

299.981

299.981

299.981

299.98

299.98

299.979

299.979

299.979

299.978

299.978

299.977

299.977

299.976

299.976

299.975

299.975

299.975

299.974

299.974

299.973

299.972

299.972

299.971

299.971

299.97

299.97

299.969

299.968

299.968

299.967

299.967

299.966

299.965

299.965

299.964

299.963

299.962

299.962

299.961

299.96

299.959

299.959

299.958

299.957

299.956

299.955

299.954

299.954

299.953

299.952

299.951

299.95

299.949

299.948

299.947

299.946

299.945

299.944

299.943

299.941

299.94

299.939

299.938

299.937

299.936

299.934

299.933

299.932

299.93

299.929

299.928

299.926

299.925

299.923

299.922

299.92

299.919

299.917

299.916

299.914

299.912

299.91

299.909

299.907

299.905

299.903

299.901

299.899

299.897

299.895

299.893

299.891

299.889

299.887

299.885

299.883

299.88

299.878

299.876

299.873

299.871

299.868

299.866

299.863

299.86

299.858

299.855

299.852

299.849

299.846

299.843

299.84

299.837

299.834

299.83

299.827

299.824

299.82

299.817

299.813

299.81

299.806

299.802

299.798

299.794

299.79

299.786

299.782

299.778

299.773

299.769

299.764

299.76

299.755

299.75

299.746

299.741

299.736

299.73

299.725

299.72

299.714

299.709

299.703

299.697

299.691

299.685

299.679

299.673

299.666

299.66

299.653

299.646

299.64

299.633

299.625

299.618

299.611

299.603

299.595

299.587

299.579

299.571

299.563

299.554

299.545

299.537

299.528

299.518

299.509

299.499

299.49

299.48

299.469

299.459

299.448

299.438

299.427

299.416

299.404

299.392

299.381

299.369

299.356

299.344

299.331

299.318

299.304

299.291

299.277

299.263

299.248

299.234

299.219

299.204

299.188

299.172

299.156

299.139

299.123

299.106

299.088

299.07

299.052

299.034

299.015

298.996

298.976

298.956

298.936

298.915

298.894

298.872

298.85

298.827

298.805

298.781

298.757

298.733

298.708

298.683

298.657

298.631

298.604

298.577

298.549

298.521

298.492

298.463

298.433

298.402

298.371

298.339

298.307

298.274

298.24

298.206

298.171

298.135

298.098

298.061

298.023

297.985

297.945

297.905

297.864

297.823

297.78

297.737

297.693

297.648

297.602

297.555

297.507

297.458

297.409

297.358

297.307

297.254

297.2

297.146

297.09

297.033

296.975

296.916

296.856

296.795

296.732

296.668

296.603

296.537

296.469

296.4

296.33

296.258

296.185

296.111

296.035

295.957

295.878

295.798

295.716

295.632

295.547

295.46

295.371

295.281

295.189

295.095

294.999

294.901

294.802

294.7

294.597

294.491

294.383

294.274

294.162

294.048

293.932

293.813

293.692

293.569

293.444

293.316

293.185

293.052

292.916

292.778

292.637

292.493

292.347

292.197

292.045

291.889

291.731

291.57

291.405

291.237

291.066

290.892

290.714

290.532

290.347

290.159

289.967

289.772

289.573

289.371

289.165

288.956

288.744

288.528

288.309

288.086

287.86

287.631

287.399

287.163

286.924

286.682

286.436

286.187

285.935

285.679

285.421

285.159

284.894

284.625

284.353

284.078

283.8

283.518

283.234

282.946

282.654

282.36

282.062

281.761

281.457

281.149

280.839

280.525

280.208

279.887

279.564

279.237

278.907

278.574

278.237

277.898

277.555

277.209

276.86

276.508

276.153

275.794

275.433

275.069

274.701

274.331

273.958

273.582

273.202

272.821

272.436

272.048

271.658

271.265

270.869

270.471

270.071

269.667

269.262

268.854

268.444

268.031

267.616

267.2

266.781

266.36

265.938

265.513

265.087

264.66

264.231

263.8

263.369

262.936

262.502

262.067

261.632

261.195

260.759

260.321

259.884

259.446

259.008

258.571

258.134

257.697

257.261

256.825

256.391

255.958

255.526

255.096

254.667

254.241

253.816

253.394

252.975

252.558

252.144

251.734

251.327

250.923

250.524

250.129

249.738

249.353

248.972

248.596

248.227

247.863

247.505

247.154

246.809

246.472

246.142

245.82

245.506

245.201

244.904

244.617

244.339

244.071

243.814

243.567

243.331

243.107

242.894

242.694

242.507

242.333

242.172

242.026

241.894

241.777

241.676

241.59

241.521

241.469

241.435

241.418

241.42

241.442

241.482

241.543

241.625

241.728

241.853

242

242.171

242.365

242.583

242.827

243.096

243.392

243.714

244.065

244.443

244.851

245.288

245.756

246.255

246.786

247.35

247.948

248.58

249.247

249.95

250.69

